4
11
20
51
75
80
92
97
101
101
106
119
129
136
154
155
167
169
188
201
218
226
239
250
275
282
285
315
351
365
376
407
416
419
440
444
445
459
462
498
499
502
504
536
551
571
586
586
589
589
610
618
635
643
646
656
657
691
691
707
730
756
771
773
782
798
809
821
836
837
857
866
872
878
913
920
922
936
936
947
948
959
960
963
972
976
988
1003
1006
1009
1009
1018
1022
1032
1041
1045
1046
1049
1049
1070
1073
1074
1075
1081
1082
1100
1115
1116
1123
1126
1135
1169
1198
1211
1216
1234
1240
1253
1268
1269
1281
1291
1308
1309
1325
1326
1327
1334
1335
1341
1358
1359
1370
1381
1384
1394
1395
1397
1403
1431
1431
1435
1436
1437
1439
1448
1451
1456
1481
1486
1492
1494
1503
1512
1516
1554
1565
1565
1568
1569
1570
1586
1587
1590
1594
1609
1630
1659
1663
1673
1675
1676
1688
1702
1708
1713
1725
1734
1798
1803
1816
1838
1860
1865
1877
1877
1882
1898
1920
1920
1923
1942
1945
1961
1962
1992
2030
2035
2068
2087
2128
2139
2160
2166
2180
2198
2208
2213
2213
2231
2238
2250
2254
2254
2255
2256
2268
2307
2323
2323
2351
2362
2367
2373
2375
2392
2395
2402
2422
2436
2446
2454
2478
2479
2493
2500
2502
2503
2518
2519
2525
2540
2545
2546
2551
2559
2585
2595
2597
2602
2607
2620
2638
2644
2648
2657
2659
2664
2664
2682
2712
2713
2720
2723
2758
2763
2764
2771
2776
2782
2787
2804
2805
2812
2824
2826
2835
2836
2836
2850
2855
2859
2886
2887
2894
2895
2910
2920
2925
2939
2941
2946
2950
2955
2958
2960
2966
2966
2979
2980
2987
3047
3060
3087
3108
3112
3114
3137
3141
3158
3162
3174
3180
3193
3194
3204
3211
3216
3227
3246
3263
3267
3286
3291
3296
3314
3340
3344
3360
3377
3390
3404
3406
3406
3409
3427
3451
3456
3460
3479
3483
3499
3502
3508
3513
3513
3521
3524
3527
3541
3554
3568
3578
3578
3584
3591
3600
3617
3633
3641
3649
3656
3667
3671
3676
3677
3687
3691
3696
3710
3736
3745
3746
3764
3796
3847
3852
3862
3866
3890
3892
3896
3914
3924
3935
3961
3961
3965
3980
3981
4007
4011
4021
4024
4044
4047
4054
4060
4066
4073
4076
4117
4124
4124
4134
4143
4153
4156
4167
4184
4185
4194
4245
4245
4253
4265
4278
4280
4283
4285
4313
4330
4340
4364
4364
4382
4385
4393
4396
4403
4415
4422
4424
4459
4459
4471
4479
4492
4494
4504
4523
4534
4536
4567
4581
4591
4591
4605
4607
4624
4632
4639
4649
4661
4663
4678
4687
4710
4720
4726
4730
4747
4748
4803
4816
4827
4832
4834
4836
4878
4905
4922
4942
4945
4961
4963
4970
4984
4998
5018
5042
5070
5075
5080
5133
5143
5148
5162
5163
5163
5164
5170
5192
5194
5199
5201
5203
5209
5212
5216
5218
5220
5225
5250
5252
5256
5274
5293
5312
5312
5314
5351
5379
5400
5425
5440
5445
5451
5454
5462
5463
5469
5470
5495
5500
5509
5517
5567
5569
5590
5592
5606
5610
5634
5647
5650
5699
5706
5709
5717
5718
5718
5741
5743
5753
5763
5770
5771
5772
5774
5774
5782
5790
5793
5795
5796
5797
5800
5808
5823
5831
5836
5842
5848
5885
5888
5935
5942
5955
5961
5977
5980
6007
6011
6028
6031
6054
6057
6057
6061
6063
6071
6093
6115
6116
6118
6138
6138
6149
6167
6174
6177
6179
6179
6182
6187
6188
6190
6208
6208
6208
6229
6246
6247
6251
6256
6314
6316
6319
6331
6334
6349
6377
6384
6393
6394
6402
6406
6408
6447
6453
6455
6464
6483
6490
6492
6500
6505
6505
6552
6554
6555
6568
6570
6587
6620
6629
6629
6649
6655
6663
6669
6675
6684
6720
6720
6726
6726
6736
6758
6760
6764
6770
6775
6783
6786
6793
6795
6800
6808
6816
6834
6835
6842
6852
6852
6871
6884
6888
6943
6964
6970
6972
6972
6972
6986
6989
7006
7028
7035
7073
7073
7076
7080
7087
7113
7136
7139
7147
7187
7193
7213
7225
7242
7244
7252
7258
7261
7263
7266
7271
7329
7333
7340
7343
7345
7346
7347
7356
7370
7378
7385
7398
7398
7405
7408
7426
7435
7452
7485
7532
7549
7555
7555
7564
7572
7574
7608
7618
7644
7644
7660
7660
7661
7664
7684
7696
7696
7697
7699
7706
7709
7720
7721
7729
7737
7747
7747
7750
7758
7766
7793
7815
7815
7816
7824
7825
7849
7859
7860
7902
7914
7916
7951
7951
7951
7968
7969
7981
8003
8003
8005
8009
8021
8024
8027
8031
8032
8035
8042
8048
8061
8065
8076
8085
8102
8103
8111
8125
8140
8144
8148
8152
8152
8170
8180
8196
8216
8228
8234
8237
8241
8241
8243
8261
8265
8269
8274
8276
8282
8298
8336
8338
8350
8356
8356
8370
8376
8387
8395
8408
8411
8412
8412
8414
8423
8432
8442
8444
8445
8448
8465
8487
8501
8501
8518
8518
8529
8535
8538
8544
8546
8569
8594
8599
8618
8636
8646
8651
8657
8668
8674
8709
8719
8734
8735
8756
8771
8773
8789
8792
8799
8811
8811
8812
8815
8821
8837
8851
8858
8879
8900
8906
8924
8929
8962
8970
8995
8997
9000
9001
9002
9006
9008
9015
9024
9034
9045
9047
9058
9063
9070
9081
9093
9100
9109
9111
9128
9133
9135
9165
9169
9169
9174
9177
9192
9195
9202
9209
9219
9220
9235
9242
9248
9255
9263
9266
9269
9275
9280
9298
9325
9326
9330
9331
9337
9339
9367
9383
9393
9395
9416
9418
9419
9425
9432
9435
9442
9454
9464
9464
9472
9487
9494
9495
9500
9504
9511
9518
9529
9541
9552
9563
9564
9566
9573
9579
9583
9591
9593
9617
9619
9636
9641
9644
9646
9666
9677
9680
9681
9696
9708
9752
9754
9756
9780
9788
9799
9814
9815
9825
9833
9842
9853
9854
9854
9860
9868
9868
9877
9899
9900
9907
9908
9918
9924
9925
9961
9977
9988
