29
64
69
74
75
81
87
100
140
145
155
167
171
172
173
178
186
193
196
232
238
240
240
249
258
269
287
291
301
305
317
323
325
326
355
402
425
428
445
457
473
502
508
530
546
546
564
575
585
592
599
618
624
628
631
644
652
656
662
690
691
715
716
722
757
764
789
793
793
800
817
831
841
841
854
859
868
896
923
928
930
947
949
953
961
975
997
1002
1012
1013
1025
1029
1044
1045
1062
1062
1068
1086
1091
1095
1107
1118
1124
1125
1144
1147
1177
1234
1246
1254
1266
1316
1317
1327
1329
1330
1336
1340
1347
1350
1360
1389
1406
1433
1436
1451
1466
1483
1485
1495
1497
1506
1515
1525
1525
1532
1557
1561
1569
1585
1596
1596
1603
1605
1620
1625
1633
1642
1645
1647
1679
1694
1704
1709
1723
1736
1763
1767
1769
1780
1793
1799
1804
1820
1833
1836
1840
1856
1858
1864
1881
1909
1923
1939
1941
1953
1953
1961
1963
1973
1983
1998
1998
1999
2017
2022
2028
2031
2036
2041
2047
2056
2059
2066
2081
2083
2083
2102
2116
2124
2131
2134
2151
2154
2175
2180
2190
2194
2197
2204
2209
2214
2266
2271
2292
2305
2309
2361
2372
2374
2384
2393
2404
2407
2410
2413
2420
2424
2431
2439
2444
2445
2451
2468
2476
2477
2481
2488
2496
2513
2514
2522
2530
2553
2560
2567
2574
2576
2590
2592
2595
2630
2630
2644
2650
2651
2666
2669
2680
2684
2693
2693
2707
2722
2723
2736
2738
2738
2748
2748
2748
2752
2771
2775
2782
2783
2796
2797
2804
2805
2807
2813
2815
2820
2833
2836
2838
2838
2841
2847
2848
2858
2862
2871
2891
2894
2896
2917
2918
2949
2951
2954
2959
3004
3018
3021
3022
3025
3047
3048
3059
3060
3075
3089
3143
3148
3171
3172
3176
3178
3182
3186
3188
3207
3232
3239
3248
3296
3318
3321
3328
3332
3338
3343
3357
3357
3378
3384
3386
3422
3444
3498
3498
3519
3536
3551
3555
3557
3567
3567
3567
3580
3592
3592
3593
3598
3608
3624
3627
3629
3637
3648
3662
3678
3679
3695
3720
3735
3755
3761
3761
3770
3782
3784
3786
3818
3821
3842
3855
3858
3881
3883
3886
3886
3891
3912
3914
3926
3941
3943
3946
3970
3971
3980
3982
3984
3984
3987
4003
4005
4012
4029
4059
4062
4075
4083
4098
4106
4150
4165
4166
4198
4201
4203
4204
4205
4223
4268
4271
4271
4283
4292
4297
4305
4323
4324
4330
4331
4333
4347
4354
4357
4364
4371
4374
4374
4379
4384
4415
4416
4423
4443
4463
4481
4485
4495
4520
4526
4546
4575
4579
4579
4591
4619
4635
4641
4678
4680
4682
4690
4704
4709
4761
4769
4796
4797
4836
4838
4849
4891
4902
4926
4928
4929
4941
4941
4968
4999
5008
5019
5029
5038
5076
5081
5085
5087
5100
5132
5135
5143
5147
5150
5175
5177
5183
5192
5201
5202
5213
5213
5217
5218
5219
5226
5232
5241
5245
5262
5271
5271
5294
5297
5306
5309
5318
5320
5320
5330
5335
5344
5358
5364
5368
5368
5381
5385
5388
5390
5399
5399
5401
5413
5413
5426
5431
5432
5443
5459
5471
5472
5477
5491
5522
5530
5532
5544
5546
5560
5563
5578
5585
5591
5594
5617
5618
5622
5622
5644
5646
5667
5671
5681
5690
5693
5706
5711
5712
5730
5738
5738
5739
5768
5773
5774
5787
5810
5818
5825
5826
5833
5841
5843
5847
5852
5853
5874
5877
5891
5895
5904
5916
5923
5925
5926
5926
5945
5945
5960
5977
5981
5987
6010
6038
6040
6044
6048
6059
6076
6084
6092
6096
6096
6096
6112
6118
6120
6131
6132
6134
6134
6136
6139
6142
6148
6151
6166
6172
6179
6180
6189
6197
6199
6210
6214
6223
6225
6226
6228
6236
6239
6240
6246
6256
6259
6264
6285
6288
6294
6299
6304
6307
6308
6341
6344
6346
6361
6378
6381
6398
6405
6414
6423
6426
6427
6430
6440
6445
6482
6486
6491
6507
6510
6510
6511
6534
6535
6536
6550
6557
6573
6595
6610
6643
6647
6649
6660
6660
6662
6671
6686
6693
6696
6725
6740
6744
6748
6754
6773
6775
6778
6807
6841
6861
6885
6892
6914
6923
6945
6960
6986
6997
7008
7014
7015
7027
7028
7047
7051
7075
7075
7082
7086
7105
7110
7127
7129
7136
7137
7159
7170
7171
7185
7226
7235
7239
7255
7271
7283
7286
7287
7291
7292
7295
7299
7300
7315
7323
7350
7351
7364
7365
7375
7376
7377
7377
7384
7393
7395
7409
7416
7417
7422
7423
7432
7434
7435
7444
7467
7467
7491
7494
7503
7513
7536
7541
7542
7555
7557
7559
7573
7592
7592
7609
7618
7660
7689
7696
7705
7716
7732
7741
7751
7761
7771
7775
7786
7800
7800
7809
7822
7822
7830
7842
7846
7883
7884
7899
7901
7913
7916
7924
7944
7947
7970
7972
7975
7984
7989
8000
8008
8011
8016
8025
8062
8066
8076
8087
8088
8092
8093
8106
8115
8125
8130
8162
8193
8199
8207
8267
8267
8277
8282
8288
8289
8308
8308
8326
8332
8340
8346
8355
8368
8379
8382
8386
8387
8396
8402
8435
8435
8438
8447
8451
8464
8474
8474
8479
8486
8486
8502
8507
8510
8519
8531
8533
8540
8540
8548
8556
8567
8587
8594
8598
8603
8603
8617
8641
8646
8657
8670
8683
8684
8685
8694
8715
8717
8732
8738
8745
8750
8784
8793
8795
8796
8796
8822
8830
8836
8847
8852
8853
8877
8880
8885
8897
8908
8913
8916
8920
8929
8932
8935
8938
8959
8970
8975
8987
8990
8997
9003
9012
9022
9025
9075
9093
9111
9119
9127
9144
9156
9164
9165
9175
9176
9179
9186
9216
9224
9225
9232
9234
9241
9245
9261
9283
9294
9300
9301
9308
9309
9344
9351
9363
9364
9373
9378
9384
9386
9387
9403
9403
9414
9454
9456
9497
9515
9540
9546
9549
9569
9581
9590
9593
9598
9602
9609
9629
9634
9645
9649
9657
9678
9686
9694
9700
9721
9723
9723
9732
9734
9766
9769
9779
9792
9805
9819
9819
9840
9858
9861
9862
9872
9898
9898
9904
9918
9923
9929
9940
9943
9953
9955
9967
9983
9985
9987
9990
10001
10006
10008
10009
10024
10033
10037
10064
10082
10087
10092
10105
10138
10148
10158
10158
10168
10204
10211
10270
10270
10277
10284
10294
10308
10310
10314
10319
10323
10348
10357
10358
10358
10370
10371
10373
10420
10421
10426
10441
10448
10449
10462
10473
10485
10492
10494
10497
10502
10512
10512
10519
10522
10528
10530
10551
10558
10564
10576
10582
10596
10598
10600
10605
10616
10623
10634
10671
10680
10707
10708
10709
10724
10730
10746
10748
10752
10758
10775
10786
10789
10793
10813
10813
10815
10837
10843
10851
10864
10876
10876
10908
10918
10923
10926
10927
10936
10944
10953
10955
10956
10959
10964
10979
10980
11013
11033
11033
11035
11052
11058
11066
11066
11067
11083
11090
11091
11094
11112
11123
11125
11142
11149
11183
11183
11203
11205
11222
11226
11226
11229
11233
11245
11248
11259
11279
11285
11286
11287
11293
11298
11314
11326
11352
11359
11384
11385
11386
11395
11396
11397
11405
11411
11413
11429
11430
11471
11502
11513
11514
11534
11535
11543
11550
11559
11594
11598
11601
11610
11617
11623
11624
11637
11654
11668
11668
11676
11694
11695
11712
11714
11716
11736
11749
11761
11767
11770
11779
11781
11816
11823
11829
11834
11838
11862
11865
11868
11874
11878
11891
11906
11922
11925
11929
11929
11930
11936
11946
11973
11988
11990
11993
11998
12007
12014
12028
12029
12055
12069
12073
12075
12085
12103
12118
12130
12133
12149
12169
12178
12185
12186
12189
12208
12209
12216
12239
12241
12248
12251
12285
12288
12296
12297
12304
12304
12305
12326
12343
12348
12369
12374
12382
12392
12395
12400
12403
12405
12405
12406
12414
12426
12430
12459
12471
12479
12479
12484
12487
12499
12525
12525
12529
12536
12552
12559
12566
12574
12581
12582
12612
12639
12640
12646
12656
12669
12686
12726
12727
12732
12754
12770
12770
12779
12786
12788
12788
12788
12795
12813
12815
12836
12841
12848
12869
12869
12875
12878
12890
12902
12929
12941
12966
12968
12975
12978
12991
13002
13054
13054
13057
13103
13108
13114
13132
13134
13138
13139
13141
13141
13149
13150
13163
13171
13185
13198
13209
13223
13236
13244
13245
13248
13257
13279
13292
13323
13330
13342
13348
13351
13352
13355
13364
13383
13386
13405
13406
13412
13415
13427
13454
13456
13462
13479
13489
13494
13496
13499
13502
13510
13512
13517
13521
13534
13540
13563
13580
13581
13583
13588
13590
13590
13592
13607
13640
13656
13661
13661
13670
13678
13688
13691
13694
13704
13704
13708
13718
13719
13735
13737
13746
13753
13755
13761
13771
13781
13786
13797
13806
13818
13820
13826
13827
13839
13850
13857
13857
13862
13867
13878
13902
13918
13922
13925
13942
13946
13950
13975
13999
13999
14001
14009
14010
14016
14021
14034
14038
14044
14047
14089
14090
14094
14096
14101
14115
14139
14141
14142
14143
14143
14153
14157
14158
14173
14184
14260
14264
14273
14292
14293
14304
14326
14336
14336
14340
14344
14366
14369
14373
14375
14383
14389
14426
14433
14440
14449
14469
14471
14474
14495
14502
14508
14511
14542
14543
14566
14583
14601
14604
14610
14618
14621
14632
14643
14644
14656
14664
14668
14679
14679
14679
14679
14694
14697
14699
14721
14739
14766
14769
14772
14783
14798
14798
14814
14825
14833
14847
14858
14872
14918
14938
14941
14953
14974
14985
14985
14995
15028
15043
15057
15075
15088
15089
15100
15120
15133
15140
15152
15162
15164
15169
15179
15201
15206
15219
15223
15226
15231
15235
15238
15247
15263
15273
15289
15300
15301
15304
15313
15322
15323
15335
15346
15371
15381
15400
15408
15414
15421
15423
15431
15447
15458
15474
15497
15507
15521
15528
15541
15543
15547
15569
15578
15594
15594
15602
15604
15617
15628
15636
15642
15643
15647
15651
15661
15666
15681
15684
15687
15698
15700
15709
15710
15721
15728
15775
15782
15784
15784
15785
15807
15814
15816
15825
15834
15839
15854
15866
15880
15896
15914
15946
15950
15951
16002
16015
16019
16021
16024
16029
16035
16039
16050
16053
16057
16069
16069
16071
16085
16095
16149
16154
16156
16172
16175
16176
16177
16181
16190
16199
16220
16247
16250
16253
16253
16271
16283
16285
16297
16307
16313
16331
16346
16351
16358
16385
16397
16404
16409
16409
16415
16417
16426
16448
16449
16455
16461
16463
16471
16473
16503
16512
16536
16538
16540
16540
16544
16553
16554
16586
16616
16625
16631
16660
16676
16676
16690
16698
16712
16714
16720
16723
16725
16736
16760
16775
16784
16822
16825
16871
16872
16873
16888
16892
16897
16902
16918
16927
16950
16952
16964
16996
17001
17007
17014
17017
17058
17059
17088
17096
17098
17102
17106
17115
17135
17144
17150
17150
17154
17158
17181
17186
17209
17216
17220
17227
17232
17233
17253
17281
17300
17330
17333
17345
17352
17354
17355
17365
17369
17376
17381
17405
17407
17418
17430
17442
17445
17459
17487
17502
17502
17505
17527
17545
17546
17548
17550
17551
17567
17599
17603
17606
17612
17631
17631
17659
17667
17686
17695
17700
17704
17723
17728
17731
17756
17764
17775
17807
17814
17828
17833
17891
17893
17908
17921
17930
17952
17964
17968
17970
17977
17978
17983
18015
18016
18019
18022
18035
18035
18045
18067
18070
18091
18094
18132
18138
18142
18148
18151
18153
18163
18173
18175
18184
18189
18194
18195
18196
18204
18208
18216
18219
18226
18242
18251
18277
18305
18315
18324
18338
18350
18351
18353
18364
18384
18389
18392
18394
18429
18441
18442
18445
18457
18478
18486
18493
18601
18603
18613
18637
18649
18660
18667
18678
18696
18711
18713
18718
18758
18762
18763
18773
18775
18782
18791
18808
18809
18824
18826
18836
18862
18862
18864
18866
18868
18873
18880
18932
18935
18941
18963
18977
18982
19000
19014
19020
19023
19054
19060
19067
19068
19070
19080
19090
19092
19095
19107
19117
19117
19119
19119
19124
19160
19204
19204
19207
19212
19244
19259
19264
19283
19285
19301
19313
19326
19328
19340
19345
19352
19363
19372
19377
19383
19401
19461
19472
19488
19521
19529
19531
19536
19563
19565
19579
19580
19587
19613
19621
19635
19646
19652
19669
19674
19678
19696
19707
19715
19715
19735
19738
19746
19747
19751
19752
19784
19787
19796
19804
19809
19814
19816
19817
19841
19843
19849
19850
19864
19869
19877
19886
19893
19899
19901
19912
19917
19927
19932
19943
19944
19962
19971
19980
19998
20014
20021
20027
20036
20036
20049
20056
20064
20067
20078
20082
20094
20094
20097
20101
20111
20117
20120
20129
20138
20150
20152
20158
20169
20172
20182
20195
20204
20208
20227
20243
20244
20258
20258
20283
20300
20301
20302
20305
20312
20320
20333
20345
20351
20370
20371
20384
20388
20395
20401
20405
20410
20413
20415
20415
20419
20430
20435
20466
20477
20494
20514
20522
20530
20537
20541
20542
20549
20562
20563
20567
20573
20575
20576
20589
20590
20595
20596
20608
20609
20609
20621
20634
20648
20650
20651
20664
20672
20680
20681
20692
20693
20732
20743
20749
20752
20753
20797
20801
20811
20811
20814
20838
20845
20851
20862
20876
20884
20895
20896
20901
20908
20917
20929
20933
20934
20942
20951
20967
20976
20978
20979
20995
20995
21009
21010
21013
21032
21040
21075
21081
21096
21098
21101
21134
21148
21156
21163
21187
21189
21204
21204
21209
21229
21243
21246
21254
21263
21263
21270
21271
21276
21284
21308
21309
21326
21332
21337
21345
21353
21356
21367
21373
21374
21384
21390
21394
21397
21400
21422
21422
21427
21433
21442
21455
21462
21484
21497
21498
21506
21508
21525
21533
21576
21591
21596
21599
21601
21604
21610
21617
21623
21642
21642
21649
21674
21686
21688
21691
21696
21701
21717
21725
21726
21727
21734
21773
21776
21804
21811
21818
21818
21836
21838
21839
21839
21840
21850
21875
21879
21896
21935
21941
21943
21967
21970
21980
21984
21985
21995
22005
22028
22030
22039
22052
22055
22056
22063
22085
22085
22115
22135
22143
22148
22183
22185
22198
22217
22218
22219
22233
22234
22238
22241
22257
22267
22268
22271
22296
22311
22312
22341
22354
22372
22386
22395
22409
22438
22444
22451
22467
22493
22498
22507
22507
22529
22531
22538
22562
22626
22654
22678
22690
22698
22709
22719
22721
22723
22808
22838
22840
22855
22864
22874
22878
22885
22886
22891
22893
22911
22913
22935
22963
22971
22987
22991
23001
23008
23011
23017
23020
23027
23085
23085
23103
23108
23118
23134
23135
23145
23147
23150
23160
23163
23172
23172
23175
23179
23183
23198
23204
23211
23245
23254
23269
23288
23290
23325
23347
23351
23361
23385
23395
23414
23416
23428
23433
23436
23437
23446
23477
23545
23556
23566
23593
23598
23598
23602
23607
23608
23613
23623
23626
23630
23638
23651
23654
23657
23672
23674
23681
23682
23683
23695
23703
23718
23732
23740
23744
23745
23746
23749
23765
23774
23798
23802
23822
23823
23823
23824
23824
23827
23835
23845
23847
23848
23865
23866
23870
23874
23884
23891
23906
23936
23946
23956
23978
24009
24013
24023
24029
24030
24030
24032
24037
24043
24063
24066
24068
24071
24077
24083
24091
24103
24103
24113
24120
24126
24134
24141
24162
24178
24184
24189
24202
24210
24217
24228
24229
24248
24253
24254
24254
24262
24266
24310
24313
24315
24345
24352
24408
24410
24415
24416
24419
24436
24447
24449
24449
24454
24455
24469
24488
24496
24504
24512
24531
24544
24581
24598
24629
24639
24640
24671
24671
24697
24698
24702
24715
24730
24738
24739
24745
24774
24820
24826
24856
24858
24865
24879
24891
24896
24901
24905
24905
24906
24912
24917
24932
24933
24938
24939
24942
24948
24951
24967
25004
25010
25014
25017
25023
25029
25035
25052
25067
25090
25095
25100
25130
25136
25137
25147
25148
25158
25171
25199
25208
25232
25250
25266
25301
25342
25354
25368
25369
25369
25382
25396
25409
25416
25417
25452
25456
25468
25490
25506
25506
25508
25514
25534
25537
25539
25541
25544
25548
25550
25553
25576
25620
25625
25626
25635
25640
25642
25681
25717
25727
25741
25753
25753
25766
25769
25784
25793
25796
25798
25825
25828
25830
25838
25843
25851
25861
25883
25887
25892
25900
25905
25917
25923
25934
25934
25936
25952
25956
25959
25967
26014
26015
26019
26019
26025
26035
26052
26057
26061
26083
26083
26084
26106
26133
26137
26163
26168
26179
26181
26206
26207
26221
26222
26232
26255
26256
26281
26305
26320
26323
26325
26334
26361
26364
26382
26385
26405
26427
26430
26454
26465
26467
26477
26481
26491
26503
26523
26534
26536
26554
26554
26559
26562
26563
26567
26569
26574
26581
26587
26595
26608
26612
26622
26657
26666
26698
26702
26709
26746
26747
26757
26767
26768
26769
26781
26782
26787
26799
26803
26810
26841
26866
26868
26878
26883
26890
26895
26901
26913
26920
26933
26933
26939
26959
26962
26974
26977
26990
27047
27049
27053
27057
27061
27069
27083
27087
27091
27098
27100
27113
27114
27119
27138
27140
27162
27166
27166
27173
27182
27213
27217
27225
27228
27237
27307
27313
27324
27324
27326
27333
27338
27344
27351
27353
27373
27373
27386
27392
27393
27396
27404
27415
27424
27438
27440
27449
27450
27465
27481
27487
27488
27500
27505
27525
27530
27553
27554
27554
27598
27600
27656
27690
27717
27726
27735
27743
27760
27774
27780
27793
27799
27801
27805
27818
27820
27822
27837
27838
27841
27850
27855
27858
27869
27877
27882
27887
27893
27906
27911
27921
27924
27926
27938
27955
27955
27958
27959
27968
27973
27978
27987
27996
27999
27999
28017
28018
28028
28039
28044
28054
28054
28069
28070
28083
28092
28122
28135
28146
28174
28186
28191
28197
28198
28202
28209
28218
28224
28225
28229
28229
28232
28237
28245
28248
28269
28289
28297
28318
28319
28324
28335
28339
28340
28342
28365
28367
28387
28391
28395
28401
28404
28404
28407
28410
28425
28425
28429
28435
28439
28450
28461
28475
28496
28497
28499
28500
28530
28531
28540
28546
28578
28580
28580
28593
28604
28622
28639
28641
28660
28671
28683
28689
28690
28696
28697
28730
28739
28745
28749
28754
28758
28759
28763
28769
28773
28778
28788
28789
28793
28806
28812
28816
28821
28821
28825
28827
28831
28846
28851
28863
28869
28881
28883
28897
28934
28937
28973
28974
29003
29003
29021
29021
29025
29068
29076
29080
29082
29088
29095
29112
29119
29120
29132
29132
29135
29138
29141
29167
29173
29174
29179
29184
29189
29200
29213
29216
29218
29222
29223
29239
29240
29265
29269
29279
29283
29290
29296
29299
29309
29318
29376
29386
29397
29400
29412
29420
29437
29445
29455
29465
29470
29476
29482
29485
29512
29523
29530
29532
29536
29555
29557
29560
29563
29594
29604
29605
29611
29611
29617
29618
29638
29649
29652
29654
29668
29672
29674
29676
29683
29690
29700
29702
29711
29712
29718
29721
29721
29721
29723
29739
29758
29764
29773
29785
29786
29818
29827
29831
29833
29845
29860
29876
29877
29890
29902
29910
29914
29918
29930
29931
29958
29963
29976
29979
29988
29994
30020
30055
30062
30065
30065
30071
30084
30096
30109
30120
30129
30132
30143
30143
30166
30176
30178
30200
30207
30214
30215
30220
30221
30223
30225
30237
30238
30246
30254
30261
30308
30321
30338
30350
30351
30354
30385
30387
30429
30438
30441
30445
30448
30448
30476
30477
30484
30495
30510
30525
30537
30544
30546
30546
30559
30574
30595
30621
30622
30625
30637
30643
30644
30665
30677
30677
30681
30694
30694
30726
30738
30738
30755
30761
30762
30763
30785
30798
30811
30820
30830
30841
30843
30844
30869
30878
30891
30906
30907
30908
30909
30921
30939
30953
30954
30966
30994
30995
30996
31008
31032
31033
31044
31067
31071
31075
31076
31108
31113
31133
31144
31157
31169
31183
31183
31185
31192
31219
31246
31250
31262
31270
31289
31296
31297
31310
31326
31332
31375
31377
31391
31393
31397
31409
31420
31451
31469
31473
31489
31490
31512
31528
31530
31553
31560
31564
31578
31604
31615
31638
31643
31665
31682
31706
31707
31743
31755
31773
31780
31784
31798
31798
31814
31818
31821
31833
31834
31841
31849
31861
31864
31914
31922
31929
31945
31956
31974
32002
32013
32028
32029
32031
32037
32042
32046
32048
32073
32077
32079
32080
32114
32135
32138
32142
32146
32148
32157
32169
32174
32201
32224
32235
32236
32259
32283
32286
32289
32310
32324
32366
32378
32383
32388
32390
32405
32406
32426
32451
32457
32460
32495
32497
32506
32532
32537
32558
32560
32560
32563
32575
32579
32595
32596
32607
32610
32613
32631
32631
32631
32631
32637
32642
32657
32667
32677
32679
32696
32699
32712
32721
32726
32728
32728
32742
32744
32745
32748
32764
32768
32770
32807
32819
32864
32866
32872
32878
32892
32894
32895
32895
32896
32906
32915
32921
32956
32967
32979
32981
32990
33028
33038
33042
33057
33068
33071
33078
33087
33098
33130
33135
33155
33174
33176
33183
33197
33203
33208
33208
33223
33253
33278
33278
33297
33300
33314
33324
33332
33338
33342
33343
33356
33362
33394
33403
33404
33414
33420
33424
33427
33432
33454
33465
33468
33475
33513
33539
33542
33544
33552
33558
33565
33579
33583
33602
33607
33615
33641
33642
33665
33669
33677
33691
33694
33697
33716
33720
33734
33757
33763
33772
33787
33790
33803
33819
33819
33833
33857
33884
33885
33894
33896
33899
33910
33912
33912
33913
33926
33933
33934
33948
33950
33952
33958
33974
33980
33996
34019
34028
34032
34042
34045
34047
34054
34061
34065
34068
34079
34089
34117
34132
34144
34152
34161
34163
34168
34175
34180
34191
34192
34207
34223
34253
34263
34275
34278
34287
34298
34300
34309
34317
34317
34335
34338
34338
34351
34353
34374
34379
34402
34403
34439
34447
34456
34478
34482
34508
34510
34520
34526
34543
34557
34559
34563
34579
34589
34591
34595
34597
34602
34602
34604
34622
34629
34676
34691
34714
34714
34719
34730
34740
34749
34752
34760
34771
34781
34796
34799
34801
34815
34815
34834
34836
34846
34857
34863
34884
34887
34890
34895
34899
34908
34933
34964
34975
34987
34994
34996
35023
35024
35031
35036
35046
35062
35072
35076
35143
35146
35170
35187
35220
35233
35236
35241
35260
35264
35264
35268
35281
35284
35286
35287
35291
35293
35301
35304
35318
35321
35327
35330
35336
35343
35359
35372
35379
35410
35411
35419
35433
35454
35470
35470
35482
35497
35502
35529
35539
35566
35575
35576
35596
35645
35654
35663
35665
35668
35669
35672
35674
35675
35680
35690
35697
35711
35730
35737
35748
35755
35776
35781
35790
35796
35799
35805
35808
35817
35832
35852
35858
35868
35886
35912
35914
35933
35947
35959
35964
35972
35972
35988
35990
36046
36050
36050
36051
36062
36065
36068
36091
36098
36110
36112
36116
36118
36123
36131
36158
36170
36177
36179
36212
36245
36256
36265
36279
36285
36291
36305
36330
36331
36331
36333
36333
36341
36344
36352
36352
36358
36360
36368
36382
36384
36390
36396
36400
36403
36413
36415
36431
36464
36474
36474
36482
36500
36502
36504
36529
36532
36544
36544
36546
36546
36548
36565
36569
36624
36634
36649
36676
36681
36690
36704
36716
36731
36758
36762
36764
36766
36780
36783
36793
36798
36799
36799
36811
36819
36819
36826
36881
36888
36923
36930
36931
36943
36951
36987
37000
37018
37027
37038
37042
37119
37123
37155
37164
37170
37181
37187
37196
37205
37205
37213
37214
37225
37256
37289
37293
37295
37295
37308
37309
37319
37335
37359
37361
37364
37387
37408
37421
37423
37425
37426
37427
37440
37444
37464
37465
37478
37485
37490
37500
37501
37510
37540
37551
37563
37567
37578
37583
37592
37609
37626
37627
37651
37671
37681
37690
37700
37718
37721
37728
37729
37754
37768
37774
37775
37779
37790
37793
37809
37817
37840
37846
37848
37861
37873
37878
37879
37893
37894
37896
37921
37944
37952
37958
37962
37967
37971
37974
37974
37977
37980
37983
38000
38017
38017
38026
38030
38032
38035
38043
38060
38078
38090
38090
38112
38140
38142
38155
38158
38159
38165
38169
38172
38178
38182
38182
38187
38199
38201
38236
38253
38277
38284
38312
38317
38324
38327
38328
38335
38341
38342
38350
38360
38388
38390
38400
38440
38450
38460
38478
38482
38490
38492
38493
38501
38503
38523
38525
38536
38545
38567
38573
38580
38584
38596
38611
38620
38638
38644
38650
38651
38659
38664
38679
38684
38697
38708
38718
38723
38730
38739
38739
38741
38745
38762
38799
38820
38843
38858
38863
38865
38892
38893
38900
38912
38913
38915
38923
38935
38956
38970
38982
38990
38994
39006
39016
39019
39041
39056
39058
39084
39095
39101
39103
39119
39139
39150
39180
39199
39201
39208
39225
39244
39258
39292
39295
39300
39313
39341
39345
39362
39364
39386
39391
39410
39412
39416
39426
39439
39466
39467
39477
39482
39482
39508
39528
39534
39555
39555
39559
39567
39580
39586
39587
39606
39608
39618
39632
39637
39670
39680
39731
39735
39744
39747
39775
39788
39808
39841
39846
39847
39852
39853
39861
39871
39875
39918
39925
39955
39957
39958
39967
39968
39992
40006
40013
40031
40039
40041
40056
40069
40073
40103
40129
40139
40142
40144
40147
40160
40162
40177
40202
40209
40217
40220
40221
40222
40230
40240
40265
40266
40281
40283
40284
40286
40288
40305
40310
40310
40326
40342
40344
40373
40395
40400
40417
40418
40420
40450
40452
40456
40457
40460
40467
40470
40483
40501
40514
40529
40557
40569
40601
40606
40614
40647
40656
40677
40682
40691
40694
40711
40721
40724
40743
40749
40752
40760
40768
40771
40780
40796
40801
40813
40814
40826
40837
40858
40923
40930
40965
40978
40983
41023
41045
41070
41079
41113
41133
41136
41136
41138
41164
41181
41188
41193
41200
41202
41208
41215
41229
41233
41233
41233
41278
41290
41299
41299
41307
41309
41389
41427
41439
41443
41458
41462
41468
41475
41475
41483
41502
41520
41523
41525
41548
41548
41559
41576
41606
41622
41641
41661
41668
41672
41694
41695
41699
41707
41711
41720
41721
41729
41734
41738
41753
41760
41787
41793
41809
41813
41815
41820
41836
41839
41854
41864
41865
41868
41893
41895
41910
41932
41933
41936
41942
41942
41948
41959
41980
41982
41988
42005
42009
42021
42022
42025
42034
42043
42044
42058
42080
42084
42097
42123
42124
42134
42139
42146
42147
42155
42158
42160
42168
42171
42174
42176
42181
42194
42200
42214
42220
42225
42225
42235
42243
42249
42253
42262
42271
42280
42306
42326
42343
42344
42377
42378
42397
42405
42442
42443
42445
42453
42461
42469
42471
42484
42491
42500
42508
42509
42520
42521
42528
42536
42537
42548
42558
42566
42569
42578
42585
42587
42592
42596
42598
42609
42620
42647
42650
42651
42688
42703
42716
42726
42744
42747
42758
42781
42781
42794
42812
42835
42838
42838
42839
42846
42870
42871
42884
42903
42910
42929
42936
42941
42944
42951
42962
42963
42991
42996
43020
43033
43042
43043
43051
43054
43057
43062
43067
43073
43073
43084
43090
43092
43125
43130
43130
43130
43144
43145
43159
43165
43168
43176
43176
43221
43231
43238
43239
43254
43261
43263
43269
43296
43305
43312
43328
43337
43344
43347
43350
43359
43362
43413
43414
43414
43419
43474
43477
43481
43491
43496
43499
43504
43511
43527
43540
43582
43586
43588
43594
43595
43604
43619
43622
43654
43669
43682
43686
43722
43734
43736
43762
43770
43783
43801
43818
43841
43846
43852
43862
43862
43865
43870
43881
43919
43940
43946
43952
43968
43982
43986
43994
44008
44014
44017
44029
44063
44068
44073
44076
44077
44086
44103
44121
44126
44157
44169
44174
44174
44174
44186
44188
44211
44234
44242
44260
44301
44302
44304
44307
44308
44310
44314
44314
44315
44319
44321
44325
44333
44353
44353
44363
44370
44382
44389
44423
44447
44452
44452
44456
44463
44466
44478
44483
44498
44527
44534
44548
44553
44571
44574
44582
44584
44604
44608
44610
44640
44649
44650
44656
44680
44682
44690
44695
44695
44704
44712
44718
44748
44749
44749
44772
44777
44791
44794
44798
44799
44801
44829
44867
44873
44893
44894
44896
44910
44931
44933
44940
44968
44998
45006
45006
45009
45033
45036
45045
45056
45059
45075
45075
45088
45099
45104
45111
45120
45125
45137
45148
45201
45202
45206
45209
45215
45249
45273
45309
45315
45318
45321
45332
45345
45373
45390
45399
45406
45410
45424
45424
45427
45438
45457
45475
45491
45501
45503
45523
45545
45550
45561
45571
45578
45591
45596
45600
45602
45602
45609
45623
45634
45664
45672
45689
45691
45701
45711
45717
45728
45739
45780
45797
45837
45859
45873
45894
45900
45906
45907
45908
45911
45918
45922
45930
45940
45949
45963
45964
45987
45987
45997
46001
46021
46028
46083
46105
46109
46115
46124
46135
46137
46149
46166
46168
46185
46194
46202
46205
46212
46250
46258
46267
46269
46275
46279
46293
46296
46306
46317
46352
46353
46357
46362
46366
46372
46390
46394
46396
46401
46411
46450
46456
46458
46462
46477
46490
46499
46500
46511
46526
46530
46534
46556
46559
46581
46589
46606
46657
46663
46667
46667
46673
46676
46682
46693
46702
46708
46725
46730
46736
46737
46747
46747
46749
46756
46768
46777
46784
46789
46816
46819
46843
46843
46850
46856
46863
46877
46889
46893
46897
46925
46934
46942
46953
46961
46963
46966
46974
46975
46976
46977
46977
46997
47002
47009
47034
47040
47041
47043
47048
47070
47079
47081
47091
47142
47156
47172
47174
47175
47189
47196
47200
47205
47208
47216
47223
47239
47243
47250
47275
47276
47276
47279
47300
47327
47337
47344
47344
47345
47350
47354
47355
47363
47386
47399
47419
47425
47460
47464
47470
47480
47506
47512
47527
47530
47544
47572
47582
47589
47601
47615
47620
47632
47637
47639
47644
47663
47670
47678
47686
47695
47707
47709
47724
47739
47741
47746
47757
47783
47785
47798
47799
47823
47828
47848
47848
47854
47879
47885
47885
47893
47894
47921
47936
47937
47942
47944
47950
47962
48001
48002
48035
48053
48054
48060
48070
48080
48083
48097
48101
48104
48106
48118
48132
48137
48146
48163
48169
48176
48185
48198
48215
48232
48237
48241
48244
48253
48288
48290
48293
48305
48308
48317
48328
48331
48333
48356
48356
48360
48370
48372
48373
48375
48395
48405
48407
48425
48442
48445
48448
48453
48455
48480
48484
48503
48505
48526
48540
48542
48547
48551
48567
48576
48579
48585
48586
48599
48603
48606
48612
48620
48624
48658
48680
48680
48717
48730
48731
48733
48738
48738
48742
48750
48760
48780
48782
48800
48802
48832
48834
48843
48854
48863
48863
48874
48875
48879
48901
48904
48914
48931
48935
48938
48940
48950
48962
48967
48971
48977
48978
48987
48990
48999
49004
49012
49020
49022
49022
49025
49030
49035
49043
49052
49052
49061
49063
49088
49103
49122
49134
49140
49153
49159
49161
49163
49164
49165
49168
49188
49206
49210
49213
49219
49220
49229
49239
49246
49246
49247
49251
49298
49309
49310
49318
49330
49344
49368
49379
49390
49395
49400
49406
49418
49428
49444
49445
49492
49508
49508
49511
49530
49543
49555
49565
49570
49575
49586
49590
49616
49623
49640
49649
49661
49666
49666
49673
49687
49695
49698
49700
49740
49759
49761
49773
49797
49811
49814
49823
49829
49832
49845
49845
49854
49862
49864
49877
49885
49901
49901
49909
49917
49923
49949
49958
49963
49992
50017
50034
50059
50059
50073
50074
50087
50095
50113
50121
50126
50131
50133
50136
50138
50146
50147
50162
50185
50199
50201
50211
50233
50247
50292
50293
50296
50312
50323
50332
50347
50348
50363
50378
50408
50409
50409
50458
50464
50474
50493
50493
50497
50501
50511
50524
50531
50533
50535
50558
50559
50568
50571
50577
50611
50655
50676
50696
50698
50700
50733
50771
50784
50788
50790
50790
50801
50814
50816
50820
50827
50828
50854
50856
50856
50856
50861
50868
50872
50877
50889
50890
50892
50896
50924
50939
50950
50953
50974
50979
50983
50989
50990
50991
50991
50999
51001
51023
51025
51039
51054
51070
51071
51074
51080
51087
51098
51100
51111
51117
51155
51176
51193
51194
51197
51198
51209
51212
51230
51241
51244
51249
51253
51259
51307
51311
51317
51319
51320
51331
51331
51340
51348
51348
51354
51374
51382
51393
51399
51407
51415
51416
51426
51438
51443
51444
51446
51452
51467
51496
51496
51502
51503
51506
51534
51538
51542
51545
51559
51587
51589
51613
51617
51634
51636
51639
51655
51664
51669
51674
51678
51688
51695
51697
51698
51713
51713
51719
51733
51736
51751
51776
51783
51786
51830
51838
51859
51860
51879
51909
51915
51917
51919
51921
51927
51934
51941
51944
51948
51967
51999
52003
52005
52011
52021
52023
52024
52029
52038
52040
52055
52074
52084
52088
52093
52111
52123
52125
52141
52148
52149
52160
52172
52180
52186
52187
52195
52197
52214
52230
52240
52254
52272
52274
52278
52291
52296
52303
52310
52316
52317
52328
52352
52361
52362
52365
52365
52369
52371
52374
52378
52406
52409
52410
52416
52417
52436
52462
52463
52465
52469
52482
52504
52514
52521
52532
52535
52559
52564
52566
52576
52580
52585
52587
52595
52609
52619
52620
52622
52624
52632
52635
52644
52645
52656
52677
52678
52683
52683
52686
52686
52695
52698
52712
52727
52737
52738
52747
52752
52760
52767
52783
52785
52800
52813
52832
52871
52888
52896
52913
52914
52933
52937
52940
52940
52943
52954
52957
52958
52959
52959
52962
52965
52989
52998
53009
53010
53035
53055
53059
53061
53074
53078
53079
53083
53087
53106
53109
53117
53123
53140
53196
53196
53197
53205
53226
53279
53283
53289
53299
53301
53309
53310
53328
53333
53340
53352
53389
53390
53392
53411
53446
53460
53473
53478
53481
53487
53508
53516
53520
53539
53542
53548
53556
53556
53560
53561
53563
53563
53566
53613
53628
53645
53647
53647
53655
53660
53665
53668
53675
53683
53695
53706
53739
53756
53761
53764
53769
53782
53783
53823
53823
53828
53834
53840
53842
53866
53867
53873
53879
53887
53894
53899
53920
53923
53957
53966
53967
53971
53985
53987
53995
53995
54014
54054
54062
54063
54074
54076
54080
54086
54100
54120
54128
54131
54134
54140
54144
54146
54169
54170
54175
54201
54206
54208
54209
54211
54222
54231
54235
54247
54247
54305
54314
54321
54325
54336
54348
54355
54362
54390
54391
54395
54408
54414
54443
54445
54452
54454
54462
54466
54477
54503
54504
54506
54518
54537
54562
54569
54580
54588
54595
54601
54604
54604
54607
54607
54611
54612
54632
54633
54641
54641
54651
54652
54666
54683
54689
54690
54694
54704
54721
54723
54726
54742
54744
54761
54763
54764
54781
54784
54786
54794
54801
54805
54819
54832
54833
54843
54862
54864
54885
54886
54887
54908
54924
54962
54964
54977
54982
54988
54992
54995
54998
55000
55009
55011
55020
55026
55058
55078
55095
55096
55102
55105
55113
55115
55126
55129
55158
55189
55202
55216
55218
55235
55241
55283
55283
55290
55291
55310
55316
55336
55349
55370
55428
55435
55453
55459
55463
55464
55469
55470
55504
55536
55541
55562
55563
55572
55618
55619
55624
55637
55639
55641
55647
55658
55664
55667
55671
55672
55679
55690
55692
55694
55699
55709
55719
55721
55734
55735
55735
55735
55736
55737
55748
55753
55756
55762
55766
55810
55826
55836
55850
55851
55854
55854
55855
55858
55868
55875
55889
55905
55913
55913
55946
55964
55965
55966
55968
55982
56025
56030
56033
56037
56040
56057
56059
56061
56079
56084
56094
56098
56099
56117
56123
56140
56142
56142
56144
56146
56172
56172
56175
56178
56184
56189
56209
56232
56246
56250
56260
56281
56287
56287
56300
56302
56305
56334
56346
56361
56361
56362
56365
56366
56371
56374
56408
56422
56427
56428
56431
56449
56450
56456
56457
56461
56471
56483
56505
56531
56537
56539
56554
56557
56561
56573
56574
56577
56589
56590
56614
56626
56631
56657
56662
56666
56698
56702
56718
56728
56739
56739
56742
56751
56761
56778
56806
56860
56865
56868
56870
56872
56875
56880
56911
56922
56924
56940
56946
56958
56958
56976
56986
57008
57009
57032
57035
57041
57044
57050
57058
57069
57070
57071
57076
57101
57107
57150
57156
57160
57170
57173
57174
57176
57181
57194
57196
57202
57210
57236
57236
57258
57260
57265
57267
57277
57278
57283
57285
57288
57322
57329
57364
57365
57367
57380
57396
57397
57399
57406
57410
57420
57420
57432
57459
57461
57466
57473
57487
57496
57504
57509
57511
57511
57529
57561
57583
57590
57595
57605
57614
57623
57628
57639
57641
57646
57653
57655
57672
57673
57696
57697
57700
57710
57711
57715
57727
57739
57744
57748
57750
57766
57766
57772
57774
57793
57805
57823
57824
57830
57834
57843
57848
57854
57865
57870
57874
57935
57978
58010
58011
58012
58031
58035
58044
58047
58053
58089
58092
58129
58169
58196
58206
58214
58230
58241
58253
58271
58283
58305
58315
58323
58368
58378
58390
58393
58416
58417
58428
58430
58478
58486
58490
58492
58493
58500
58505
58510
58518
58543
58545
58552
58556
58566
58574
58575
58582
58600
58600
58600
58600
58607
58612
58648
58661
58662
58663
58673
58680
58680
58688
58700
58700
58704
58714
58717
58719
58727
58730
58736
58738
58741
58749
58749
58752
58753
58756
58756
58770
58790
58801
58816
58820
58825
58831
58848
58865
58867
58875
58878
58881
58883
58883
58904
58960
58985
58995
59008
59017
59021
59022
59043
59047
59049
59089
59094
59103
59132
59145
59152
59155
59155
59162
59164
59166
59173
59175
59192
59207
59209
59225
59229
59232
59251
59251
59279
59303
59315
59326
59326
59347
59367
59371
59372
59376
59376
59401
59408
59426
59434
59447
59450
59462
59474
59477
59499
59503
59522
59523
59556
59589
59602
59611
59642
59648
59651
59658
59665
59665
59670
59681
59682
59682
59690
59691
59693
59700
59721
59724
59771
59795
59812
59816
59821
59822
59836
59847
59857
59857
59871
59903
59911
59914
59915
59917
59918
59939
59940
59968
59968
59995
60004
60015
60016
60024
60063
60070
60071
60081
60100
60100
60109
60148
60173
60186
60187
60204
60235
60287
60290
60290
60291
60311
60311
60319
60324
60324
60346
60348
60357
60369
60378
60389
60389
60391
60431
60441
60463
60483
60485
60496
60497
60500
60503
60521
60523
60540
60553
60567
60593
60593
60622
60629
60638
60640
60651
60656
60663
60670
60678
60693
60747
60750
60755
60764
60769
60771
60775
60793
60795
60800
60803
60809
60817
60828
60835
60845
60858
60865
60883
60887
60895
60906
60908
60918
60921
60925
60931
60933
60937
60943
60962
60968
60978
60982
60986
60992
60994
60995
61000
61000
61012
61014
61017
61029
61050
61067
61076
61086
61090
61157
61161
61163
61173
61179
61186
61206
61208
61210
61219
61225
61228
61228
61256
61264
61284
61289
61302
61306
61357
61375
61378
61389
61390
61398
61406
61411
61412
61413
61434
61442
61449
61449
61453
61479
61491
61499
61516
61519
61535
61551
61552
61560
61570
61578
61584
61610
61633
61633
61648
61652
61653
61656
61671
61690
61690
61696
61720
61783
61785
61788
61789
61799
61819
61822
61825
61838
61840
61876
61881
61881
61881
61883
61884
61890
61890
61896
61901
61904
61920
61921
61929
61938
61945
61947
61950
61966
61969
61970
61983
61996
62001
62011
62014
62016
62041
62067
62069
62070
62071
62088
62092
62092
62092
62151
62170
62178
62185
62254
62271
62276
62284
62299
62316
62326
62376
62386
62404
62406
62411
62417
62425
62426
62439
62452
62487
62498
62506
62508
62515
62525
62550
62564
62571
62579
62580
62589
62613
62615
62621
62638
62645
62646
62660
62662
62671
62688
62706
62712
62721
62731
62731
62736
62742
62751
62753
62754
62785
62795
62808
62809
62824
62830
62832
62833
62840
62841
62849
62861
62861
62870
62874
62877
62882
62888
62901
62904
62911
62913
62914
62947
62956
62969
62975
62989
62994
62995
62995
62996
63003
63009
63013
63015
63019
63032
63041
63046
63058
63066
63075
63082
63089
63097
63098
63100
63109
63110
63125
63154
63159
63174
63187
63193
63214
63220
63227
63244
63266
63266
63273
63274
63274
63279
63284
63293
63295
63316
63324
63329
63335
63414
63415
63416
63416
63417
63420
63423
63427
63436
63440
63445
63449
63450
63450
63455
63461
63468
63509
63519
63523
63524
63560
63565
63578
63588
63596
63599
63609
63618
63622
63647
63655
63668
63668
63672
63682
63689
63690
63708
63711
63721
63725
63728
63739
63758
63766
63773
63776
63800
63805
63812
63814
63816
63835
63859
63882
63889
63889
63898
63934
63969
63975
63988
63989
63998
64004
64007
64034
64038
64045
64048
64048
64068
64076
64080
64082
64086
64090
64099
64100
64106
64120
64134
64143
64153
64162
64185
64187
64199
64199
64200
64200
64200
64213
64215
64223
64243
64278
64316
64325
64347
64366
64370
64396
64403
64406
64439
64458
64459
64464
64480
64499
64500
64502
64507
64512
64565
64579
64580
64587
64591
64593
64606
64613
64616
64627
64634
64638
64641
64642
64662
64665
64668
64677
64686
64702
64737
64738
64740
64745
64763
64764
64788
64792
64793
64830
64861
64877
64879
64885
64890
64935
64969
64976
64983
64985
64986
65000
65047
65057
65071
65088
65116
65120
65124
65153
65153
65196
65199
65225
65234
65241
65245
65269
65281
65290
65326
65333
65336
65349
65349
65387
65402
65403
65422
65429
65436
65447
65449
65455
65466
65475
65475
65476
65477
65502
65536
65542
65568
65575
65577
65580
65590
65591
65597
65605
65609
65629
65630
65636
65642
65648
65661
65675
65693
65703
65721
65729
65760
65764
65767
65768
65770
65774
65783
65784
65792
65795
65796
65810
65812
65815
65821
65899
65907
65916
65918
65941
65955
65976
65981
65990
65993
66020
66030
66031
66048
66059
66077
66077
66102
66103
66125
66130
66135
66139
66142
66144
66164
66173
66173
66190
66191
66194
66196
66222
66224
66234
66251
66254
66255
66263
66277
66280
66284
66292
66298
66310
66315
66319
66329
66352
66352
66361
66387
66388
66403
66410
66427
66437
66439
66442
66443
66466
66476
66477
66491
66493
66500
66502
66505
66509
66518
66538
66544
66570
66578
66605
66607
66612
66634
66635
66637
66640
66644
66645
66649
66655
66658
66666
66673
66709
66712
66720
66725
66729
66734
66759
66760
66762
66783
66783
66800
66810
66821
66851
66893
66897
66905
66912
66912
66928
66936
66946
66950
66961
66962
66965
66996
66998
67001
67005
67022
67035
67040
67045
67049
67061
67081
67091
67104
67108
67110
67135
67146
67171
67179
67185
67196
67203
67222
67225
67237
67248
67249
67256
67264
67269
67274
67286
67294
67295
67310
67317
67321
67323
67326
67356
67361
67428
67459
67459
67460
67461
67467
67468
67480
67484
67501
67502
67510
67514
67525
67529
67534
67554
67571
67572
67575
67581
67582
67586
67591
67621
67654
67669
67702
67709
67713
67714
67731
67764
67764
67785
67796
67799
67814
67826
67835
67868
67870
67900
67911
67928
67933
67954
67956
67960
67971
67982
67998
68007
68021
68027
68032
68036
68039
68043
68055
68077
68088
68128
68136
68140
68141
68144
68170
68179
68185
68190
68199
68200
68205
68227
68231
68265
68267
68269
68283
68284
68290
68294
68307
68319
68319
68322
68337
68361
68362
68362
68389
68390
68393
68397
68402
68404
68433
68464
68475
68490
68495
68510
68537
68564
68568
68570
68572
68579
68589
68605
68610
68619
68630
68636
68647
68659
68668
68674
68687
68712
68721
68730
68732
68734
68782
68796
68822
68825
68854
68857
68873
68884
68885
68889
68910
68920
68929
68939
68942
68982
68989
69007
69015
69018
69046
69046
69050
69050
69053
69074
69080
69083
69092
69096
69107
69126
69143
69146
69150
69156
69171
69183
69193
69222
69231
69234
69256
69262
69264
69281
69296
69297
69299
69313
69319
69338
69350
69354
69381
69398
69404
69410
69411
69428
69432
69441
69448
69448
69455
69457
69471
69483
69492
69494
69504
69520
69531
69573
69592
69598
69599
69600
69637
69637
69643
69654
69659
69664
69676
69679
69684
69689
69698
69705
69706
69723
69734
69758
69764
69765
69795
69796
69801
69805
69808
69816
69831
69846
69871
69876
69880
69880
69886
69909
69914
69928
69931
69933
69941
69946
69968
69997
69997
70008
70016
70018
70027
70051
70060
70067
70067
70076
70086
70088
70088
70103
70110
70111
70149
70153
70157
70159
70160
70169
70173
70174
70192
70198
70201
70207
70215
70217
70222
70222
70226
70228
70234
70242
70243
70251
70255
70290
70290
70304
70337
70338
70346
70359
70381
70412
70416
70422
70425
70433
70477
70488
70488
70501
70518
70532
70560
70561
70566
70567
70579
70597
70611
70644
70647
70648
70650
70651
70659
70663
70677
70690
70698
70705
70712
70719
70739
70755
70767
70772
70782
70806
70807
70810
70816
70822
70827
70835
70840
70849
70852
70853
70855
70891
70894
70898
70900
70915
70921
70922
70925
70945
70951
70977
71003
71014
71020
71025
71030
71035
71039
71046
71048
71052
71054
71055
71056
71085
71085
71087
71087
71113
71122
71131
71143
71146
71152
71155
71164
71181
71188
71191
71201
71203
71221
71239
71242
71262
71293
71328
71333
71343
71350
71354
71364
71364
71369
71379
71379
71380
71382
71394
71403
71413
71423
71427
71435
71449
71470
71492
71496
71496
71504
71505
71514
71521
71523
71544
71563
71578
71586
71588
71592
71593
71598
71614
71637
71638
71647
71651
71665
71666
71673
71691
71710
71723
71727
71728
71733
71745
71759
71766
71798
71810
71814
71825
71836
71837
71844
71849
71851
71855
71857
71870
71889
71891
71893
71894
71908
71909
71917
71937
71940
71943
71960
71977
71981
71983
71983
71985
71993
72004
72010
72036
72038
72065
72065
72074
72087
72104
72114
72130
72143
72166
72173
72174
72183
72184
72185
72187
72195
72219
72228
72238
72238
72242
72247
72248
72256
72260
72260
72271
72278
72303
72304
72307
72330
72353
72390
72395
72400
72406
72419
72422
72435
72444
72454
72461
72468
72474
72484
72497
72498
72504
72505
72517
72520
72521
72537
72545
72557
72563
72599
72604
72609
72615
72619
72634
72638
72652
72655
72676
72678
72681
72682
72700
72723
72729
72729
72731
72734
72740
72756
72796
72803
72819
72827
72829
72839
72869
72903
72908
72918
72922
72922
72930
72961
72969
72978
72980
72984
72990
72994
73009
73012
73020
73030
73031
73055
73057
73068
73076
73079
73103
73110
73117
73131
73141
73143
73143
73147
73152
73169
73172
73190
73201
73216
73230
73234
73238
73240
73242
73263
73277
73290
73308
73330
73337
73340
73361
73380
73387
73388
73391
73398
73402
73402
73405
73418
73421
73435
73454
73457
73460
73497
73498
73504
73512
73521
73527
73558
73565
73580
73584
73586
73587
73600
73603
73606
73613
73620
73635
73640
73644
73645
73652
73658
73679
73703
73712
73715
73731
73744
73748
73757
73759
73774
73774
73788
73794
73821
73826
73844
73859
73868
73869
73882
73885
73886
73894
73895
73906
73917
73921
73924
73932
73933
73935
73935
73937
73951
73976
73985
74010
74024
74029
74032
74036
74041
74057
74074
74074
74079
74081
74081
74092
74100
74103
74109
74114
74131
74148
74182
74184
74188
74192
74194
74195
74200
74203
74217
74219
74226
74232
74233
74234
74236
74240
74241
74245
74257
74266
74267
74268
74276
74278
74283
74284
74293
74314
74331
74331
74333
74341
74343
74345
74351
74353
74364
74402
74409
74413
74431
74439
74441
74443
74450
74461
74483
74491
74494
74507
74520
74521
74521
74534
74575
74588
74605
74614
74620
74624
74655
74660
74664
74690
74691
74696
74699
74702
74705
74715
74717
74738
74739
74741
74747
74759
74762
74768
74775
74791
74801
74807
74817
74817
74839
74847
74877
74888
74896
74902
74912
74919
74928
74930
74943
74949
74953
74982
74990
75000
75005
75015
75023
75023
75026
75039
75042
75101
75102
75127
75130
75147
75151
75158
75160
75160
75174
75181
75225
75230
75233
75246
75253
75254
75256
75260
75265
75271
75273
75294
75310
75315
75318
75320
75322
75341
75351
75359
75363
75370
75375
75378
75380
75381
75384
75386
75395
75398
75407
75422
75438
75446
75448
75463
75464
75475
75482
75494
75504
75510
75511
75517
75522
75534
75566
75585
75593
75593
75622
75666
75670
75684
75699
75709
75727
75737
75754
75763
75779
75792
75812
75815
75820
75829
75837
75841
75877
75886
75903
75939
75948
75948
75954
75974
75979
75982
76002
76003
76005
76008
76038
76069
76075
76076
76115
76116
76126
76151
76188
76192
76205
76212
76244
76259
76260
76273
76283
76291
76295
76298
76306
76314
76322
76322
76341
76356
76363
76377
76381
76391
76394
76397
76409
76416
76429
76432
76441
76446
76456
76484
76491
76496
76503
76519
76548
76566
76589
76613
76614
76620
76620
76620
76635
76649
76680
76682
76713
76731
76735
76744
76747
76750
76798
76817
76831
76873
76876
76883
76885
76912
76915
76917
76918
76921
76921
76945
76950
76976
76978
76994
77008
77017
77017
77055
77055
77067
77103
77138
77149
77153
77183
77190
77207
77243
77245
77252
77263
77270
77274
77275
77282
77295
77306
77322
77322
77339
77340
77345
77366
77387
77393
77394
77404
77426
77435
77487
77492
77496
77498
77517
77527
77536
77543
77552
77558
77558
77565
77604
77617
77617
77628
77636
77636
77652
77656
77669
77693
77698
77703
77706
77719
77725
77742
77745
77747
77754
77763
77766
77772
77804
77806
77809
77824
77841
77867
77875
77878
77884
77909
77918
77949
77953
77967
77985
77986
77998
77998
78029
78034
78041
78049
78051
78055
78080
78080
78089
78092
78115
78138
78160
78162
78163
78164
78166
78192
78192
78215
78218
78219
78219
78219
78220
78245
78248
78254
78256
78259
78262
78298
78320
78326
78329
78344
78350
78373
78391
78423
78490
78491
78494
78501
78521
78523
78527
78538
78577
78592
78592
78598
78609
78610
78614
78615
78626
78651
78663
78671
78672
78677
78683
78687
78690
78697
78713
78720
78726
78746
78760
78767
78768
78769
78789
78817
78818
78822
78835
78857
78860
78871
78874
78875
78875
78881
78882
78891
78891
78896
78908
78927
78927
78935
78941
78944
78944
78950
78958
78963
78963
78976
78991
78998
79013
79025
79046
79049
79051
79051
79054
79061
79063
79067
79073
79084
79089
79089
79099
79108
79118
79171
79188
79193
79207
79214
79218
79226
79232
79251
79253
79260
79262
79265
79266
79269
79289
79291
79293
79297
79307
79318
79325
79340
79354
79399
79413
79457
79458
79459
79465
79483
79493
79499
79516
79529
79548
79551
79554
79567
79567
79585
79596
79621
79635
79644
79648
79649
79664
79665
79677
79677
79682
79686
79691
79691
79704
79707
79729
79731
79733
79737
79740
79741
79745
79757
79773
79782
79789
79815
79816
79837
79846
79854
79878
79888
79909
79931
79944
79947
79947
79952
79962
79976
79976
79980
79981
79990
79990
79999
80012
80012
80017
80025
80031
80055
80082
80085
80085
80090
80094
80095
80133
80135
80135
80163
80178
80184
80212
80213
80222
80228
80243
80244
80254
80277
80287
80288
80289
80292
80300
80301
80306
80307
80321
80323
80327
80327
80329
80335
80336
80347
80355
80356
80363
80371
80383
80404
80412
80426
80434
80435
80438
80445
80446
80462
80472
80476
80480
80490
80491
80496
80511
80526
80529
80547
80550
80567
80568
80584
80589
80594
80616
80627
80642
80648
80704
80706
80725
80774
80792
80793
80796
80804
80808
80842
80856
80863
80868
80890
80895
80902
80907
80919
80925
80926
80929
80931
80937
80938
80943
80951
80953
80955
81025
81037
81052
81074
81082
81086
81089
81104
81110
81123
81123
81142
81145
81175
81176
81191
81195
81204
81205
81220
81226
81227
81229
81265
81270
81282
81285
81293
81320
81328
81345
81364
81365
81379
81389
81403
81404
81411
81419
81429
81451
81451
81456
81464
81474
81475
81479
81480
81490
81494
81502
81502
81533
81539
81541
81542
81545
81572
81575
81577
81627
81634
81644
81652
81655
81660
81668
81726
81729
81769
81774
81820
81836
81858
81858
81859
81860
81865
81875
81899
81900
81910
81922
81923
81926
81949
81953
81956
81985
81986
81995
82008
82011
82013
82015
82025
82041
82043
82065
82076
82081
82105
82118
82135
82141
82151
82153
82163
82169
82184
82195
82199
82208
82220
82220
82222
82246
82262
82268
82268
82287
82298
82351
82376
82382
82394
82396
82409
82411
82436
82443
82447
82461
82476
82490
82490
82498
82512
82525
82539
82543
82543
82550
82569
82572
82582
82583
82584
82590
82600
82619
82634
82644
82656
82659
82666
82671
82674
82680
82683
82684
82686
82696
82735
82747
82748
82755
82772
82785
82789
82806
82821
82841
82850
82858
82865
82876
82877
82900
82902
82918
82931
82936
82950
82954
82960
82968
82979
83006
83008
83034
83043
83062
83075
83087
83094
83103
83105
83105
83109
83116
83144
83153
83162
83163
83165
83174
83178
83186
83192
83193
83193
83197
83205
83249
83250
83255
83263
83274
83275
83282
83288
83302
83323
83325
83336
83355
83358
83362
83363
83380
83387
83405
83416
83423
83427
83456
83456
83458
83464
83482
83514
83517
83518
83538
83547
83558
83590
83591
83598
83605
83616
83623
83627
83642
83647
83651
83660
83670
83673
83695
83700
83747
83756
83769
83782
83802
83805
83806
83822
83851
83856
83861
83864
83877
83896
83899
83901
83902
83905
83907
83909
83915
83942
83951
83956
83969
83978
83996
83997
84001
84005
84007
84016
84036
84057
84059
84069
84071
84078
84081
84094
84109
84117
84143
84200
84211
84221
84228
84234
84235
84238
84248
84269
84341
84349
84359
84373
84387
84395
84400
84424
84442
84443
84454
84463
84464
84464
84472
84475
84477
84480
84496
84512
84513
84519
84520
84523
84534
84553
84583
84584
84587
84594
84603
84605
84610
84610
84624
84625
84633
84642
84659
84672
84675
84690
84707
84707
84734
84742
84750
84754
84763
84774
84776
84777
84792
84809
84824
84830
84846
84849
84855
84867
84876
84892
84905
84917
84935
84947
84963
84970
84973
84975
84987
84991
85002
85004
85004
85017
85066
85067
85082
85085
85094
85094
85103
85117
85124
85147
85150
85171
85189
85198
85199
85233
85242
85249
85266
85270
85271
85272
85280
85282
85315
85324
85327
85335
85344
85355
85371
85375
85385
85387
85392
85403
85411
85421
85424
85429
85434
85435
85448
85458
85464
85477
85485
85488
85532
85535
85539
85541
85542
85542
85549
85557
85575
85587
85602
85613
85618
85631
85662
85694
85713
85723
85769
85773
85774
85779
85803
85806
85811
85812
85813
85830
85836
85839
85842
85845
85854
85884
85885
85898
85908
85913
85922
85938
85940
85949
85970
85975
85982
85984
86005
86009
86010
86018
86018
86030
86032
86047
86057
86069
86074
86082
86098
86103
86158
86179
86181
86191
86192
86200
86201
86216
86226
86245
86246
86298
86312
86314
86319
86341
86342
86361
86368
86380
86380
86386
86393
86399
86431
86446
86454
86475
86486
86510
86511
86511
86517
86521
86522
86522
86540
86556
86561
86593
86598
86603
86611
86630
86631
86631
86638
86641
86643
86647
86653
86665
86678
86679
86682
86689
86695
86703
86710
86712
86717
86746
86752
86762
86800
86808
86825
86856
86864
86867
86870
86880
86889
86899
86906
86911
86917
86921
86937
86954
86961
86970
86974
86978
86982
86985
86985
86988
87011
87022
87031
87036
87047
87050
87051
87077
87081
87087
87088
87089
87093
87111
87143
87143
87173
87175
87182
87183
87207
87208
87222
87232
87248
87259
87266
87270
87270
87282
87289
87298
87306
87320
87327
87329
87341
87352
87356
87359
87365
87377
87381
87382
87394
87396
87407
87414
87422
87426
87437
87438
87438
87440
87449
87457
87471
87477
87481
87487
87498
87512
87522
87523
87530
87531
87532
87532
87542
87555
87559
87562
87570
87593
87617
87619
87621
87623
87629
87630
87637
87667
87667
87673
87687
87691
87706
87717
87736
87769
87808
87819
87825
87836
87849
87861
87874
87886
87899
87905
87912
87920
87936
87939
87946
87959
87959
87967
87972
87973
87985
87989
87992
87995
87996
87997
88047
88049
88057
88057
88059
88073
88075
88105
88105
88107
88119
88122
88123
88139
88161
88182
88192
88194
88201
88207
88209
88214
88241
88243
88247
88273
88276
88303
88321
88340
88346
88356
88389
88395
88402
88408
88424
88427
88437
88438
88439
88439
88445
88469
88471
88477
88528
88542
88542
88555
88558
88569
88580
88592
88604
88610
88611
88611
88628
88636
88638
88644
88656
88665
88668
88671
88686
88687
88719
88722
88730
88730
88734
88735
88745
88755
88761
88764
88766
88777
88785
88787
88804
88811
88816
88820
88821
88823
88848
88849
88868
88901
88911
88913
88925
88926
88929
88953
88959
88962
88980
88981
88990
88991
89005
89018
89019
89023
89033
89046
89053
89077
89094
89117
89140
89144
89149
89151
89155
89201
89202
89203
89228
89265
89284
89291
89292
89303
89304
89314
89328
89339
89353
89358
89378
89380
89382
89389
89396
89412
89415
89419
89421
89423
89466
89478
89479
89481
89489
89491
89492
89497
89501
89507
89509
89509
89524
89526
89529
89529
89530
89534
89544
89545
89556
89560
89572
89590
89599
89629
89630
89642
89643
89653
89659
89668
89682
89697
89721
89732
89745
89757
89764
89785
89829
89834
89848
89856
89868
89889
89899
89905
89939
89940
89959
89965
89976
89982
89994
89995
90029
90044
90047
90055
90077
90088
90090
90094
90103
90110
90110
90122
90134
90148
90151
90157
90164
90168
90170
90183
90218
90219
90223
90238
90247
90248
90251
90252
90252
90266
90274
90301
90308
90310
90326
90336
90340
90354
90362
90368
90369
90376
90383
90402
90442
90445
90448
90450
90450
90450
90454
90479
90486
90489
90512
90516
90523
90523
90529
90531
90553
90574
90583
90587
90599
90606
90614
90617
90621
90632
90634
90667
90674
90682
90687
90714
90720
90731
90738
90749
90775
90794
90803
90814
90816
90836
90845
90846
90847
90872
90882
90884
90887
90887
90894
90914
90919
90923
90930
90932
90934
90937
90949
90950
90965
90982
90983
90983
90983
91018
91032
91033
91041
91093
91102
91131
91137
91143
91149
91161
91168
91171
91199
91211
91220
91223
91228
91230
91243
91249
91260
91262
91268
91281
91289
91308
91320
91329
91336
91338
91342
91352
91394
91402
91410
91427
91431
91438
91438
91440
91457
91472
91475
91489
91526
91528
91533
91533
91558
91566
91586
91607
91607
91616
91626
91627
91628
91630
91634
91643
91645
91648
91652
91657
91671
91696
91701
91713
91717
91755
91758
91762
91768
91782
91793
91795
91807
91829
91844
91873
91880
91896
91905
91923
91924
91938
91959
91960
91973
91982
91988
92025
92027
92037
92038
92066
92084
92087
92102
92109
92110
92113
92123
92135
92136
92140
92141
92146
92147
92157
92162
92173
92186
92191
92199
92202
92209
92213
92222
92233
92240
92245
92246
92248
92252
92265
92268
92270
92280
92285
92306
92309
92315
92329
92334
92341
92344
92347
92362
92364
92366
92375
92407
92414
92414
92415
92417
92427
92451
92454
92470
92476
92486
92488
92490
92501
92529
92534
92566
92568
92596
92600
92603
92606
92613
92632
92633
92634
92636
92640
92645
92659
92678
92684
92686
92690
92698
92712
92714
92726
92728
92752
92760
92761
92765
92766
92779
92826
92828
92829
92831
92845
92853
92853
92869
92887
92902
92906
92909
92911
92921
92947
92947
92959
92967
92969
92992
92998
93005
93017
93028
93041
93045
93082
93087
93094
93096
93109
93124
93130
93144
93154
93162
93168
93168
93173
93183
93186
93194
93200
93210
93216
93218
93240
93248
93274
93305
93311
93319
93322
93326
93332
93336
93353
93363
93392
93398
93400
93403
93414
93415
93417
93423
93429
93434
93434
93439
93446
93449
93473
93484
93484
93494
93505
93520
93521
93530
93541
93545
93564
93565
93566
93573
93601
93615
93633
93636
93652
93674
93707
93716
93734
93787
93821
93825
93830
93832
93850
93852
93870
93884
93888
93905
93940
93941
93947
93950
93955
93957
93966
93967
93981
93990
93999
94037
94038
94039
94041
94050
94050
94063
94077
94087
94088
94091
94092
94101
94119
94127
94141
94148
94149
94167
94178
94198
94210
94219
94229
94233
94239
94242
94267
94269
94272
94286
94290
94324
94352
94353
94363
94387
94393
94399
94421
94438
94449
94466
94474
94478
94480
94510
94518
94521
94538
94552
94558
94566
94579
94580
94586
94592
94593
94600
94601
94612
94612
94618
94621
94622
94630
94655
94663
94664
94667
94668
94687
94688
94705
94711
94713
94713
94726
94728
94736
94763
94768
94769
94791
94796
94797
94800
94811
94839
94849
94853
94857
94868
94877
94917
94918
94925
94928
94976
94985
94994
94997
95001
95003
95019
95065
95076
95077
95077
95080
95084
95099
95104
95109
95124
95130
95136
95139
95166
95166
95173
95175
95175
95249
95251
95251
95260
95261
95265
95273
95276
95276
95279
95286
95294
95312
95316
95320
95326
95327
95340
95360
95389
95400
95402
95418
95430
95444
95445
95453
95453
95477
95482
95483
95500
95506
95510
95514
95516
95523
95537
95539
95541
95545
95546
95558
95561
95562
95574
95612
95624
95640
95661
95662
95667
95673
95690
95713
95718
95735
95736
95745
95759
95759
95762
95783
95793
95802
95802
95805
95811
95824
95851
95852
95864
95867
95888
95890
95918
95921
95921
95959
95961
95973
95974
95975
95977
95979
95998
96023
96027
96032
96062
96084
96085
96094
96095
96097
96138
96162
96163
96184
96198
96205
96208
96209
96212
96220
96224
96225
96247
96248
96262
96264
96269
96287
96289
96319
96363
96377
96401
96403
96405
96462
96479
96482
96501
96543
96544
96554
96574
96599
96627
96628
96657
96667
96670
96680
96680
96689
96695
96703
96723
96725
96725
96730
96733
96744
96752
96759
96780
96787
96792
96808
96811
96812
96813
96838
96840
96873
96875
96887
96893
96906
96928
96929
96946
96949
96966
96978
96991
96992
96994
97006
97007
97009
97037
97038
97070
97083
97088
97110
97110
97123
97145
97165
97171
97172
97172
97187
97194
97204
97211
97215
97229
97234
97235
97237
97252
97257
97259
97260
97277
97320
97320
97333
97389
97393
97395
97411
97417
97442
97446
97452
97460
97497
97498
97502
97536
97538
97549
97552
97574
97596
97600
97606
97609
97641
97644
97654
97655
97657
97664
97670
97671
97695
97709
97713
97723
97728
97731
97741
97754
97770
97775
97780
97785
97829
97842
97846
97849
97852
97860
97861
97883
97907
97908
97929
97943
97954
97992
97995
98002
98014
98019
98020
98029
98045
98060
98063
98065
98085
98100
98102
98120
98121
98124
98148
98158
98172
98208
98236
98250
98262
98264
98293
98303
98313
98326
98329
98333
98337
98343
98348
98359
98367
98381
98437
98439
98443
98446
98459
98475
98479
98480
98486
98486
98523
98532
98534
98538
98540
98548
98550
98551
98557
98608
98611
98613
98623
98645
98657
98705
98707
98728
98746
98764
98765
98790
98812
98815
98820
98839
98844
98845
98847
98896
98912
98936
98942
98968
98975
98975
98981
99001
99003
99012
99012
99022
99025
99035
99046
99055
99055
99067
99073
99082
99086
99089
99090
99105
99111
99117
99135
99154
99156
99167
99168
99173
99239
99257
99259
99266
99275
99305
99316
99322
99322
99332
99352
99355
99359
99371
99382
99434
99437
99446
99461
99474
99481
99486
99490
99499
99509
99528
99529
99531
99532
99537
99566
99574
99575
99584
99601
99609
99612
99614
99628
99628
99630
99639
99641
99656
99657
99665
99682
99702
99703
99745
99760
99771
99773
99796
99813
99828
99829
99830
99840
99849
99849
99865
99866
99892
99895
99901
99933
99945
99946
99978
99981
99988
