34676
98348
76912
91645
29119
70647
58607
96248
73794
95783
57639
19563
92911
16822
5563
3318
52727
27353
19313
77183
82680
13141
8308
34604
57583
6378
27373
41576
86864
51534
20522
11385
12484
50458
68889
71691
33057
1723
53487
35674
51071
57739
19943
17502
90803
81494
81769
61570
96479
5904
11123
15247
23290
58727
33910
60943
34719
74074
21875
97460
22678
19652
37896
43862
74461
53706
55235
16996
59043
13141
92191
95852
49666
96363
24449
63647
73012
88911
15839
79516
63682
83514
66403
27138
26787
92427
34278
95745
89201
11946
21397
47848
62515
61876
62660
25266
58738
43051
10786
38090
22135
24879
94148
36331
52622
85713
7741
52559
54175
26222
12559
71798
32174
43130
38843
80616
3980
16714
67971
75158
10358
81456
68796
73169
56577
95537
64090
78963
34374
22115
10357
80412
15687
44553
305
59155
61000
60204
29536
95561
50199
44777
11610
69483
6246
47196
23623
92186
6744
7732
74507
45399
92417
60918
89023
8464
11617
42443
13139
84228
75522
93240
88638
35304
96209
18163
52677
41427
15666
93200
59225
51212
42442
3444
80244
25052
52871
59523
23835
90836
65120
52365
62994
62014
51446
62688
61690
22219
33513
68730
9645
66292
1642
32077
1998
88913
5544
7423
20672
94928
68989
17354
23118
80178
28863
52462
66759
68205
30354
34595
83043
94687
58305
79691
84036
16071
60081
67317
45206
98611
12890
45209
99055
33042
89117
10087
74109
7705
38858
51915
86246
81052
3695
99474
77867
69723
89976
81910
17659
87912
19580
52933
47639
38970
85539
2056
5038
3982
1436
17548
88209
77322
46934
23351
16690
50983
35260
10758
34579
91143
96657
48904
37651
61449
76126
5309
99486
27162
40569
59232
27968
51348
27882
26137
9694
59367
4485
14872
13826
53123
21596
22005
9686
55982
25136
92037
63009
26255
1532
25576
85434
51967
79458
19244
14142
95327
95445
20094
37205
27820
36051
20138
88764
21394
325
66196
6775
81089
57365
15323
64406
74702
1820
96838
90247
72922
36291
38584
16177
18868
77669
24068
53894
72740
34543
87886
89033
67045
97417
36624
45911
9929
10310
46997
5738
87717
69455
57590
37027
7555
84584
45309
84520
43968
84991
62092
68032
2959
81175
91630
93981
62615
20851
89848
18758
82222
5560
73886
88636
46673
26974
65916
66077
52954
62011
68389
63800
3328
74283
21422
25250
35790
34317
85082
29412
29269
92921
1013
91438
28339
25798
44534
56958
3592
49153
95612
60693
61406
66729
67468
55102
19124
56408
70915
63019
2651
39295
757
76076
99012
64745
62386
40013
68190
287
56702
78166
37921
55218
23746
9734
59192
85898
34714
62646
27760
73658
23395
23017
81533
63668
87359
54169
97452
89053
85913
7822
80012
2477
47208
73635
92245
38525
30120
28461
26019
58323
97654
71035
74041
24447
92659
2530
91260
82900
55875
29445
94324
2372
75511
5690
81037
16660
28974
58600
14766
27911
52937
1769
41753
61179
97992
90529
75903
75837
85575
93565
3637
42650
69381
70806
5706
91410
90077
76680
74441
29173
70816
12536
92285
20158
94877
62613
46559
3592
60346
12414
62067
50889
997
33694
4075
86937
12149
953
56860
10001
13540
48576
12400
46737
40202
59915
9012
75779
34068
11973
57748
36098
75351
21209
93966
11066
3886
38596
11543
95864
37754
24745
58545
76409
37205
57710
4999
99111
49565
40103
58044
91440
26057
8387
45503
33468
22312
14344
87946
32892
40749
70739
68570
85004
52635
17106
71870
93082
48802
5622
40614
50059
89144
97172
7393
26866
28044
9723
57653
92831
94768
99437
53205
7559
59162
8267
26622
51249
17407
23428
43414
32607
32906
94601
88139
90029
59822
48137
71851
60817
40771
67814
38182
47091
39925
53665
42377
13975
92640
28404
80292
68361
77426
53683
4271
13781
80336
69050
40342
3926
77207
35327
36179
40978
90847
68319
33819
50017
1086
6044
20811
2496
34752
29963
70086
8106
55719
41699
94077
94353
79585
18016
84477
64662
8908
52021
53109
7573
50347
11386
76917
99584
86454
87530
14340
68128
53078
29877
15816
81575
22085
15642
80792
29773
41813
77306
76432
38718
58393
34079
10600
11226
36951
79297
24217
62911
92761
46450
50323
18808
77322
8715
42147
2650
11654
20056
35645
68721
98124
75273
65636
40450
35755
64243
76620
59681
57194
85542
19621
92714
24410
31784
36212
29218
89491
64480
7761
2669
62487
67459
90442
76735
44029
52436
10082
45104
31192
32967
46747
82550
85982
41933
78683
81204
33677
63436
21717
64737
7536
28789
33691
75151
49165
11930
7028
3678
94510
80929
93168
98343
82490
21096
78373
81226
23672
47344
76750
49829
55241
86192
1336
82572
35781
99828
88785
69398
71449
67356
14769
73885
88925
97849
54414
35281
60793
16053
59251
25014
76635
86074
50034
11993
10270
94726
45075
43919
39244
65047
82686
44353
84341
88991
70338
30445
27955
92306
20204
92596
70644
95251
9953
53987
10348
41070
52084
44382
33278
62271
87989
51331
46352
37427
5774
10064
99055
73937
13512
49020
96269
2420
186
24697
81865
52038
45033
66640
69928
96225
21674
69941
21422
52767
91607
62870
12975
39101
50577
47009
13479
97770
44873
51244
30308
82268
30429
68857
71977
30844
75886
6486
7315
74233
74194
87394
48176
40400
93326
23446
29611
58867
12075
34559
84754
92470
1068
72869
31033
53899
60750
39587
41959
56742
37478
75395
71380
77138
15578
2407
51317
48445
49406
70422
41458
79013
73388
29718
79888
79483
16351
37551
97498
15088
3943
71293
80095
38142
53542
84846
27182
64325
16313
28825
23020
85103
38388
52958
54086
41138
13236
81985
73143
60809
36390
39180
13489
49555
2804
93888
61306
4059
85922
22311
20078
25883
51921
85839
42181
45940
90583
2134
1569
36544
88075
61890
65774
77153
95482
92087
72599
53411
20976
75386
82858
68537
80796
72435
18809
40457
76260
5213
47142
5413
63773
80163
77055
30200
53289
58089
11033
16723
93716
85272
27525
39412
5294
44749
72520
36482
71188
20097
76314
71364
61210
18305
99702
28745
90219
79737
82950
26523
31420
29786
7159
7075
68199
80931
51070
21995
72984
31067
24820
89599
57071
39508
90274
4836
83362
62662
69705
16449
50801
5739
73744
71666
60933
82671
36819
22056
63711
32560
81475
79548
91211
63414
8066
88761
67001
78055
33803
98333
73715
64213
92853
14369
10789
46212
49963
95667
81464
16825
73240
19901
76356
28578
81403
9923
10582
31262
7235
95802
5847
21686
67222
87997
64638
10284
92334
90383
27987
79325
97943
45390
54054
87691
3627
12426
72930
99105
25416
10033
73935
54362
13694
25232
31578
6239
24189
74919
92690
33579
65812
83856
93449
54506
80868
54607
68337
45438
14101
19301
61029
45501
22409
33552
33197
15057
56422
88730
93545
95265
65568
38723
55637
54443
25681
3662
46682
20951
9497
94198
30738
70477
37879
34771
12581
25793
71203
45873
39958
45963
86985
58035
50950
30761
65575
691
55290
8646
92157
83769
94713
3186
56431
60389
2820
30109
81429
53920
32575
9634
21734
63244
5459
36881
57529
21134
51589
15414
61067
82118
50814
88395
30621
47589
10037
29189
60567
38277
72819
43062
61653
56250
20117
96730
8920
77496
42044
55905
4297
67591
20494
44801
15661
457
72238
44463
38172
31743
16586
21601
78491
38573
5945
49428
52365
28769
77393
68712
71504
37123
10277
66821
20933
25537
89682
65349
41475
85631
10449
26232
96574
58883
55737
72517
40983
94233
64439
78726
12251
62638
69018
14604
79046
75260
67572
30625
19070
15474
61819
81502
17445
58500
84587
5213
4354
75422
90872
39992
2807
73821
13149
20195
32405
9308
80306
37700
68910
32866
6179
74333
84395
32895
83008
44353
71262
65476
69654
78614
46749
45332
35062
54683
35988
28039
88122
10448
40217
73103
74268
42744
9898
32157
52619
49400
96554
51697
16544
69492
93573
29764
91807
19917
15089
42469
76322
58875
95759
82268
89497
93400
10964
41865
34300
66725
60100
99168
12574
63284
63427
40529
92828
91032
21838
2059
21263
13661
33558
8796
84512
30246
29617
36384
71665
28289
85773
4769
2022
84234
74182
68630
3987
11559
91243
39968
58492
26015
47799
93144
28198
86341
22217
68267
88901
55113
38679
60921
32042
48232
63814
82850
11013
68982
28641
52296
65729
58995
96599
37729
53333
81104
27098
9985
35668
54604
49163
71492
25506
6308
87972
9224
42171
33278
35470
11676
50113
58169
64890
55115
2553
33297
96978
7846
87667
47081
98815
9186
70234
54063
57278
33952
84603
19899
69637
76322
12133
80327
13198
9165
90674
21326
2722
37038
15043
66634
99745
36265
48395
44211
82461
44772
90930
28546
46362
40601
34192
37425
41622
34846
64830
69764
8913
27850
2771
33332
16625
77725
83517
72330
36415
43231
35690
25635
92415
11998
89421
31780
7494
94050
66135
47205
28435
45922
61086
81726
45550
57511
26746
13922
43305
5399
13108
94918
74928
79354
59911
6807
65675
97389
51733
29758
4292
27553
78822
78874
71046
5874
88926
83951
27449
66164
60986
24598
12479
64665
21400
62975
49649
11233
69096
83591
48132
75815
52585
35336
48370
51664
84917
79677
86921
35359
44086
29222
91329
21433
99012
18216
84973
80491
1025
62721
70412
8382
77706
61173
27424
50511
87498
96994
97574
2684
72444
99771
68294
90950
55370
83996
66578
41278
93005
52521
23683
58505
34298
48914
40930
83851
85355
33912
25396
30677
32366
74521
17135
16417
7287
26769
5335
56449
4305
8877
95510
13678
43145
4150
4379
57874
65590
55562
50409
98844
10908
83174
41548
85171
19212
74990
39084
42484
19000
63187
29668
35576
5693
764
61499
44423
47848
57623
53660
44370
28028
71943
17968
32031
95402
86486
30476
40162
17150
89560
49590
41443
56505
24063
12055
60640
86703
61945
14158
59175
90882
5987
17814
16190
39957
59499
44017
30907
32224
46963
14047
62284
92268
88777
49168
50312
91338
20753
23593
68140
49012
69734
25382
1596
33885
301
6136
97038
73788
23681
35497
98446
23695
21246
35972
34152
58552
7944
10813
57288
81364
18324
64616
5320
75384
86970
63655
240
94612
68942
92147
59651
86712
88073
25934
30906
89959
83163
9351
56537
52940
22538
6778
22148
62406
84400
24544
96812
25514
48317
40420
99490
68231
50784
1557
84935
44829
71592
80550
30694
96792
81479
16720
80793
69689
86647
6427
50991
92280
10752
5443
98936
66194
99332
35482
65477
99022
5877
23674
79740
99259
29309
72918
9075
1177
41793
66897
63609
74351
1799
90055
29482
16927
11535
1340
86653
29
3970
38912
65475
51438
91168
45059
55721
52632
12028
7417
66255
10314
36544
37775
95340
24488
39680
80426
52962
17567
74575
51452
35858
52832
33912
13588
29239
13248
18364
26895
98326
6166
20811
10319
78391
13850
4575
29397
87426
33772
98896
57605
25830
61090
24228
48372
29532
23822
9967
92636
33174
12656
55854
81490
92633
69234
33665
18091
69914
73859
6048
92246
15075
44704
9766
74148
41720
24013
24254
25923
15301
34478
60800
61453
18175
46115
29080
92146
56260
42253
75948
58253
24951
57174
61157
31773
57711
96875
91281
47172
41307
38341
33071
45717
16631
68510
37225
41893
12525
44574
90632
49909
40557
39534
35799
15569
5100
83623
86638
79073
56880
29376
76298
91701
7435
2815
72065
93484
22198
91352
11891
68141
45918
12069
95130
10492
78891
47741
77884
33958
6511
69457
48875
24415
15162
60016
77275
4838
32495
98540
46863
17807
31169
55756
51320
94091
25158
17186
82821
50474
11411
47363
18603
87630
69880
13797
9127
34175
26554
64199
71593
78610
37671
14679
83660
51100
15263
17964
2775
8598
57496
90923
15201
52564
77008
9943
89018
98002
68495
20995
40069
66509
2445
69909
7913
99849
40460
29290
76244
77636
84987
97088
47275
5147
9111
52055
31473
2028
47512
69684
71087
7924
24905
26587
96023
7592
74284
99981
53563
17908
85324
89328
30878
72187
42134
29082
2644
45056
57160
78891
56172
25017
21839
84849
25727
23175
62824
57628
50856
10793
26595
80012
26990
49444
68433
87422
61969
65387
87259
92066
61560
63728
76883
78950
8435
24030
21156
94728
1062
34602
13245
57069
1620
42155
21009
15400
21591
62508
73527
48717
71164
89151
19635
44307
96401
92947
36360
73172
18194
68362
6381
30665
50095
34622
16024
77404
73558
60670
39313
71993
95500
91648
14618
50493
26890
24469
71521
57396
38503
42043
75666
95166
80902
70921
37578
42021
85315
99509
51909
52698
56302
22838
99001
56365
44452
14974
54014
53087
54721
42521
93414
43846
13857
87438
71505
10211
87874
23745
57277
46966
26933
51209
47386
70425
19646
22874
60858
31798
93248
7434
28401
70561
95546
32080
79741
29437
67185
47942
53478
69074
88811
92566
10426
5318
8587
473
89358
58673
85094
83355
2066
88730
33734
20243
78927
24254
99529
13592
42592
53473
24891
38155
85282
23433
57050
50363
47757
88959
85723
88766
48425
96733
92826
22395
50147
52760
8267
43669
40129
24865
23085
93173
39391
47300
22055
54726
28697
70173
57101
15100
24932
61648
44582
84824
92645
94387
4423
16019
92102
16872
48241
97536
54222
57697
85884
88804
75174
19340
49823
27801
72634
28778
63324
54146
69520
24419
84513
99156
31922
95453
17355
46725
78609
37563
61929
84480
30065
87985
2782
90814
70945
18445
66298
67321
25887
79089
34933
86522
58417
20608
35170
80213
19893
79529
9364
20542
54805
44799
36783
85421
56557
19264
49901
63721
50185
43994
79465
36050
95077
37500
70705
44315
32048
42944
3188
72484
868
37583
20430
67731
81205
25100
47279
3022
28881
74236
43595
49445
31528
85618
69404
67954
90148
87617
48738
28017
37465
15604
52469
38620
54120
12382
65795
49219
425
11502
3176
83558
89829
42520
99933
75341
86643
92329
42025
54885
4416
81956
86678
82041
74450
95076
56739
44014
51545
25409
66191
30338
6344
66720
77909
43312
7884
78767
79188
82105
45045
38684
16448
40177
20752
20067
56374
1406
53481
38994
29638
46390
75147
39918
77543
53966
29179
34863
55658
1266
58741
37485
92959
85458
74620
55647
30387
19204
58428
98551
13735
59611
45600
12185
59693
62316
5852
77017
46777
6225
5787
59812
23437
50676
62995
10616
28069
32383
66500
59665
71122
27057
73580
6696
45907
71814
48106
41502
16069
76205
28092
62426
83902
52785
95516
25851
28934
63672
6132
74131
76273
56178
60063
69441
80135
31397
6754
13510
81227
49759
15226
99575
86689
15834
36798
52362
21840
97695
84553
50771
35575
43168
51678
83805
49022
16725
32667
67480
77295
29279
25534
19119
11761
66800
84855
18151
6361
5926
75127
19841
58680
15140
74739
4941
53009
12014
41641
69997
88438
67428
60925
84610
46001
1923
53647
19054
52240
70566
92902
14264
57181
73640
40483
93825
80321
6199
20477
18384
22855
28135
48375
40837
71181
14021
1804
88107
13279
78908
10864
63227
27780
38035
29470
79816
54452
28689
44910
58801
94868
37958
7416
5833
94119
82968
92199
38400
48308
51587
71733
20036
60663
87089
76295
87382
52914
93109
29213
44933
45099
98645
9373
70782
2748
97641
31296
4619
54445
70852
60771
22234
84109
20595
83282
45075
76682
81634
76212
21081
21727
99849
83336
59724
99609
52291
67459
79704
23874
52686
48971
75763
86522
80228
3557
94178
16253
3357
9898
65792
38900
91457
51698
16897
42548
75504
20333
6482
1856
24141
73020
62882
249
87899
11749
12304
45406
2560
84078
35697
22878
10730
72609
26035
14433
84463
15447
66222
86030
71514
91230
58416
44389
77552
84235
15814
8087
20036
93734
50655
81451
93332
62712
50533
6236
64099
12326
70416
83144
93168
26536
94363
20021
82043
75359
70067
62861
34032
24858
33394
3021
48940
92684
60441
29833
32631
21276
11695
9363
87093
32721
79262
87825
34309
12869
23866
67554
64587
3567
82141
58612
54641
89228
96928
61412
6595
74276
19352
44650
40220
75294
85387
92240
85949
20978
32138
37213
45997
37423
97006
66996
65642
97775
89077
76731
28773
88182
83605
1983
20101
53520
18394
326
30762
52504
20049
40743
59372
80445
94976
21696
52230
6076
20111
8617
93216
39555
67484
37944
78663
4415
71052
28973
44548
37980
22493
49877
19944
1002
72521
65648
17764
70359
42585
65336
48874
56751
31246
6264
32169
73603
9164
8093
63159
96287
59434
11936
61799
95736
81900
91758
54689
97252
97172
40039
76341
53196
95400
59795
31615
76918
54632
97110
24178
55129
69448
39139
79682
86867
8694
57265
50856
87936
61398
99813
80383
88123
63274
95166
84534
28248
48356
6643
49134
48373
21896
12369
30448
76713
19738
53675
64935
56144
64976
67669
18035
58825
70051
93094
7299
72731
25456
3624
63758
75475
15617
48731
55202
21271
17686
77263
1679
82411
67323
21013
80301
41290
24739
11245
65333
2424
74807
6960
55058
44656
19804
30321
66893
74114
22052
36403
92829
87232
90949
31393
73826
20395
28229
90450
7503
41942
96062
55428
20384
34987
41181
71637
63450
12288
21254
58241
35024
67005
98623
6189
59326
99829
41202
1973
2190
55735
85885
97009
89291
2031
87270
83942
17330
32956
67467
20573
63066
5925
73774
72498
88424
7027
11637
99481
54694
81668
65990
98120
39559
13640
6092
52023
80094
81899
54864
7384
62498
58575
42609
86069
85198
93990
59303
52254
546
40694
22562
20064
94800
49511
31144
20244
85813
258
508
55316
58985
27393
66493
29827
1694
94853
55126
44174
35539
22444
40814
8008
14469
16409
88610
71909
64464
89856
89785
39225
42838
26569
97235
93633
57715
54794
38182
67361
98765
2738
41188
25095
33757
67237
16253
66439
22893
5320
81320
31108
23147
49811
38739
16176
54977
3178
37848
42703
73613
21345
24698
98439
23607
16285
97502
63622
78713
4520
91880
71025
98812
88671
44242
3567
43818
17695
34899
631
46021
23198
82841
83006
74691
88346
42009
94622
80938
20967
75464
67835
92140
17232
9678
81539
11829
34714
18153
92209
2309
84830
52417
52410
29604
73759
54786
85429
2693
40221
44157
33934
11125
65071
55463
64502
50464
57041
43952
85908
92613
55858
26320
22721
14184
63739
80287
68027
96725
87022
73454
91041
57727
31945
26574
29386
38651
90682
24906
49814
72087
86018
17487
39637
42651
76416
3941
74402
68402
70488
13054
67960
55748
29025
48603
79745
32324
62254
74877
61656
17096
37974
78049
25468
26025
65241
6550
41980
62645
37295
32390
35711
61516
29683
77998
59682
64187
99352
42139
8795
59152
19696
13818
84672
85940
90238
68397
33208
78592
29818
53764
24531
7136
43042
61163
66329
84776
5585
22238
18196
19715
55692
18613
42996
85812
87736
10008
55009
70201
8130
36065
91959
74953
20801
8852
60887
86380
73703
44452
58378
52959
29976
38017
52943
67310
22529
17442
49213
8897
27166
87808
35947
62904
8326
59376
44302
13581
17603
95661
7365
77565
64106
89284
78245
75380
70337
61378
40813
48118
12007
8519
32037
41668
53628
9245
62795
21373
26454
94239
78344
9241
46109
73147
55690
69592
15951
66570
22886
47350
46953
42262
61896
94600
16156
14336
82590
62506
27324
74747
70597
30966
14699
44174
9858
12189
28342
95541
75000
28937
63882
49862
99434
94655
64200
76915
45120
53756
34223
61434
7323
80568
18429
26084
78875
14502
80567
76613
11067
92501
64082
30441
15238
35146
59939
1645
60764
66251
1605
80277
50827
23891
59315
96780
18035
20876
11988
61519
71647
48540
86630
32560
49575
6986
96543
89757
10724
27228
66734
55105
53995
5810
90731
95762
87449
20435
69
95276
21367
83275
33176
84963
47530
87011
61789
77017
5477
31490
94566
53117
74195
54781
90310
8076
29890
11668
76446
85779
64591
81086
94612
95973
8533
42243
82246
89642
82409
80355
10024
46897
45561
29605
66645
56361
37768
92600
13132
79947
15950
91782
36285
42034
69494
73387
21879
76306
81577
2102
34338
42326
24043
92222
17233
90369
27100
78958
56025
50788
67709
39477
81953
789
56334
43261
18963
55671
6414
39955
67525
56142
89659
20258
34563
44447
67061
53548
17369
19207
98367
6040
87621
70518
51443
3207
38893
79051
54998
27083
73405
11384
86047
47480
68390
51639
78538
9649
68043
71191
19787
5471
64580
65783
74443
56657
29112
24856
56305
41045
8308
24581
38638
92686
35817
23956
70027
96703
61375
2017
72729
1330
8000
40265
37962
17550
71146
79457
71673
36793
48624
52813
13590
9819
10596
79691
39258
24202
87523
97257
10158
87248
20182
66607
64403
12732
6445
96377
42200
54391
94994
7255
90326
83178
47070
18977
70159
17893
53299
49030
15152
97145
40858
41523
29690
52186
21010
42124
96811
55734
81949
42168
1763
88340
52160
58230
10148
38169
83647
36716
40456
53887
9283
48305
35321
17158
16736
84763
33642
49854
5622
6647
68283
80925
43130
72104
10876
73679
48742
73951
62088
63109
11222
87477
56626
3984
85002
43414
98102
60994
47936
71427
54170
4761
64458
71710
73924
1941
67621
66284
48169
91342
13827
55762
14157
94667
33896
36091
73340
8830
99167
23823
99945
84892
60895
43350
56037
74817
41910
22507
55913
21284
6693
93601
89314
9602
79635
63154
23906
31682
41661
88528
83598
22808
2813
41942
33068
74409
47041
5546
92084
59995
11397
90266
95918
9862
33087
81995
60109
11205
46676
69015
68920
45006
62995
91643
17631
16952
89668
30143
22654
72260
23011
16964
48083
45908
67571
45036
48733
48782
48606
43504
17704
30238
84707
88687
94092
52409
9294
13521
91616
87637
24091
66905
35046
29132
9384
58661
26385
48730
4003
29618
16554
25029
45009
64613
3770
49206
79677
59474
72010
53196
65475
49159
37214
56456
65153
58600
44314
79782
95453
86510
30830
28404
49251
90523
48331
8355
80300
81820
46267
19817
83458
12479
12978
63273
6096
54076
18932
91533
99639
90887
98250
2083
78092
22971
72922
5245
15289
5945
35654
27450
19119
77274
76945
79644
36529
16331
50890
83642
19796
91533
11094
8451
21818
56471
67286
48448
16676
80642
6228
53352
75754
36546
75829
87182
27978
57260
70611
23654
47156
23774
66224
40326
72143
50497
86679
21374
99566
9144
45006
32460
53328
44749
79226
78768
53879
45728
31914
33362
69107
46105
19912
31250
36681
22267
72803
86399
44798
80890
48356
47950
70807
65815
32764
86641
36474
54247
81404
49616
28209
8438
43762
28758
87667
43881
50700
16029
61822
35072
88981
8641
54569
57406
10441
49035
11112
27166
34117
32563
1045
54833
81123
11925
817
14304
78935
43125
54140
90983
12169
54100
65281
82634
82008
44527
10519
70488
21189
58543
20995
26467
76798
26491
74234
80526
99089
63934
39586
5390
72700
11259
6773
68564
81660
46977
33155
41895
33300
33038
17001
64185
9983
14143
53828
17723
31638
96084
84464
86010
26563
61652
22143
77243
26782
58047
64199
19746
31219
60978
91268
27858
6610
84475
72419
51496
28604
75375
34338
41439
88734
29914
13771
32642
50991
93439
32286
83590
64740
3883
62913
85803
65349
41839
46667
84200
90183
6010
12612
51879
60287
6923
42846
26698
19117
5818
20410
11668
1433
59556
81419
96929
52747
80704
92213
59665
82936
44321
14511
50974
89046
18763
44894
98548
87849
37817
51241
54742
99446
40514
18711
82806
51426
10138
21839
42910
52465
60319
31326
23703
13761
57410
15647
11314
60968
60291
21525
35663
74032
6740
40470
8822
46784
66234
831
84007
30477
23682
80774
4968
19849
35036
58196
80085
36131
56427
73242
87619
65661
5183
58663
89629
78423
79789
1939
15304
10512
88445
84059
70088
8474
95279
38820
26361
15721
32699
87996
33583
80184
41233
53310
83405
1497
21688
13405
57511
94352
26430
73932
34895
44310
7989
62439
65326
59326
13462
13054
50816
20530
35284
49210
57009
64068
14375
56040
58510
66712
64080
64593
52695
42963
92341
43337
48978
89382
35301
79051
19023
80222
60324
66103
1603
99866
58600
12686
13590
84443
13753
43491
74696
27805
10843
6148
11594
193
85385
18678
23160
99532
8885
11052
60235
83255
94621
22039
42596
43033
35964
22885
46135
56761
98019
50892
22963
94421
40647
71239
37967
269
33974
73152
27465
85845
74024
95483
56666
88047
64086
1596
24454
63420
98845
8486
656
48288
47223
10709
55855
48035
92451
19735
86800
51444
56142
86057
51736
74240
20749
80446
15896
69411
88542
39775
31270
23436
16404
2838
91033
90168
95320
81379
77698
4203
60937
76566
30237
26841
78882
24210
1909
87973
24408
98060
80329
32579
62832
37295
52965
20884
36177
67928
32537
64792
16271
41309
11149
96403
7660
92529
40284
72390
31008
18173
13999
86911
66280
171
65721
20575
71143
76831
30129
22987
95713
53842
20371
90489
32807
45315
31833
76259
49318
94857
42839
2514
43870
18242
37119
39006
13244
93124
46028
19971
30909
7291
9403
68200
8987
14094
87995
38650
70076
91102
68572
67104
36931
17352
24083
89764
37893
38990
7775
61551
70198
2592
88276
18667
56428
61357
59164
30995
77998
96262
73521
18351
72615
10979
68647
41468
20934
44121
98020
49344
70651
70149
50378
61413
66658
6096
99082
99537
98538
2590
80863
5008
7786
32457
97333
30820
54633
53647
76620
33465
28475
45623
17381
9955
69599
29555
64200
29876
82747
47470
39618
55078
85403
87559
37293
44260
13857
37196
18982
44478
75463
62621
48360
53061
51542
3296
30132
56175
66760
88207
49586
18880
196
72682
91566
37971
62525
95759
83105
44640
49832
31665
73712
65591
55753
92027
67502
19927
74219
63805
72990
91249
35318
47885
58010
94592
97442
55851
40606
27726
81265
8277
67799
70650
3735
53226
82543
46250
49309
12405
3567
86517
57420
83896
79293
15643
45137
18226
83456
81572
67326
33819
65955
26757
64
86906
42903
31185
662
15594
32028
19980
90714
96224
59816
35411
24938
51948
93017
61881
28018
39847
81220
49229
52195
36943
64677
16283
70018
87377
49140
29455
66644
8975
38741
40768
2836
82436
73731
87111
55453
2693
27373
99275
11083
40240
78818
85854
5201
59857
1780
71563
86431
44682
60638
73587
87306
11623
33475
87173
73057
24942
78501
52005
78944
402
95793
23613
2522
25717
36649
91829
73009
59371
79251
14697
80289
5617
42445
24912
17930
48505
74203
86665
52274
15880
38865
93322
80706
100
29465
75727
56057
28580
97883
5143
31071
85938
57614
34740
91131
9581
93955
78871
32148
98480
15235
66709
52645
10926
20895
37018
71723
23823
67135
59522
39016
97657
86032
41462
96752
60463
80243
59589
62571
82865
5087
30677
87487
65466
59871
20743
69573
10551
78080
22864
76456
40281
2214
50896
42508
76496
56172
59700
61411
78034
63889
75684
51617
16409
19678
3378
33135
88868
50233
53834
56362
92998
67785
72796
89423
21243
99760
82656
25843
19117
83358
91973
88105
15528
66443
26933
9700
35236
75160
88273
428
51307
31849
6510
5175
82659
26481
64983
3598
7901
53563
73894
94736
83094
31929
4928
56806
3332
2748
52187
63266
64500
54843
85280
12788
92113
56184
57824
78259
17300
15133
68636
49700
10944
16247
87298
42453
32378
95523
56872
27841
9344
10308
76391
36888
67534
67264
4204
22185
81285
71423
60622
79063
99641
19363
79049
48060
27113
30939
52686
44931
58648
96405
48832
25199
25553
83901
69080
59602
88820
23385
63812
78672
99086
93041
7609
46843
15521
71728
91262
22268
71836
32878
51319
15543
1998
99574
58883
59209
97846
11226
72978
20621
84519
85842
48585
59279
87562
18195
70160
42306
51496
25626
60024
50292
20664
80919
3886
178
42566
94579
25067
90983
1329
64200
39861
32981
27173
64034
61890
41988
57696
15728
60186
20634
60369
15602
45609
72474
90362
2444
85549
5426
10707
43496
55766
6214
25952
46462
45634
7014
33314
65422
49666
22085
75225
3784
69046
55854
9987
51111
28297
14096
34591
57646
22241
62809
54314
27743
79089
32532
90251
58214
68170
57156
6748
26083
46606
20388
62425
3248
78329
52029
61881
53823
69801
10371
50074
19014
17098
57176
6557
28499
65981
47174
88953
70222
15421
6861
12640
8289
56922
72307
14656
79099
57509
71889
66912
80529
91137
65609
29283
10980
22840
47327
79976
37690
86856
47637
78626
27855
14679
50989
52940
40780
82755
90252
7377
46500
68179
85542
6151
47464
15709
36068
87081
30841
37567
71894
77103
98657
1585
93446
30694
95624
72065
89501
35220
73030
66319
65796
61840
53059
73216
3912
83782
18389
14610
27505
77763
97277
10936
87087
76397
40310
44174
59847
34815
56246
14173
38523
83861
3818
10462
75318
36352
4371
62751
77628
14643
48977
70840
94478
71055
56875
84690
38324
60100
49368
88241
22218
93530
26281
49188
22030
51503
94039
8125
66442
44791
41707
70207
11868
48407
83034
92698
23269
61228
32896
97785
23183
97852
95418
24184
22911
15273
50296
10956
42397
83802
91402
46353
1316
29132
43084
71523
46977
3858
73606
10294
75378
93674
40965
37861
23325
48967
31643
13223
24134
65225
50571
722
61938
42080
53769
23172
54761
44940
86611
11922
83997
66505
42929
2738
56911
14985
78527
63046
74331
96667
57420
81541
70433
43770
65580
75407
22498
48001
78592
28429
42598
86540
87407
96723
5076
75398
8847
19461
42461
79061
39426
51311
45894
82065
29979
68185
79413
82298
95260
52683
70827
2361
73421
46736
73380
41475
89899
91171
95867
63975
87437
24416
19674
80496
20345
26465
78029
29095
50820
61264
50999
47632
56590
96027
72195
52888
11090
52989
63690
67911
32744
78490
21040
79664
74192
15169
9819
52141
49673
9598
5853
35730
83416
52149
73131
38090
97320
30785
69643
75265
2954
27906
73076
6259
66673
96095
77772
11286
17505
61983
98613
80082
63110
39808
64565
56079
64134
73976
40139
72036
65057
62731
17014
74943
88990
77967
2404
31861
20596
10512
67081
87440
38762
90614
98707
26962
93415
23416
99359
34815
47879
69659
39528
76876
37361
27313
21075
24449
46581
33763
13494
33028
96247
68579
73337
49164
41932
57834
52328
21498
20014
232
66635
57285
24023
16175
3004
83363
98303
18219
47243
73935
4271
91896
60747
62276
91149
88161
54764
70925
81858
84269
68393
63193
96628
73055
67460
56614
64606
65770
32451
81345
72248
3855
24229
55572
82447
42123
4333
69354
72655
13746
27735
2393
3384
67203
71544
68077
65821
70900
31560
12968
25137
54134
88389
17700
87673
76976
73895
15300
45427
32073
54562
61920
34996
85811
70242
90486
82262
87396
75709
70951
78160
79981
84373
50990
91223
50408
56865
69796
48080
57655
19707
74103
27047
11838
73435
42951
75233
78218
38915
71048
98532
3143
68039
94438
2488
77652
51669
1881
80090
95574
82208
94393
64038
91431
43982
87905
87320
91755
58092
25541
9022
59229
30351
34287
35805
82674
90450
74364
75566
40923
15423
98975
90634
2410
51927
5977
20302
13209
11714
48863
77149
18862
63859
24032
12178
5262
5773
16473
90164
29831
36358
82220
50087
64861
43481
36799
62830
55464
73230
21980
92135
34730
46976
7377
3891
36731
20172
16297
83162
75494
42500
78220
95735
93429
88745
15547
63560
50568
39632
73117
77745
85448
25753
54208
14366
78494
63889
43263
79962
19962
13383
35264
75230
89545
75622
70067
24512
74010
17828
97037
70169
69831
88555
36245
22183
33833
2805
63089
81
896
64007
32079
21811
79399
14953
84472
86978
31841
2451
28318
69795
11326
2723
79054
38158
38730
4106
1953
49661
32013
10671
50979
47216
78041
98705
18601
13999
64641
95273
27999
624
54588
7376
89478
97728
55563
10634
58430
25766
2748
6510
45125
40344
91427
3232
14292
61696
17227
66965
34629
31707
1836
23744
85602
78163
11395
54641
7557
96946
75370
93417
84442
30220
23414
48863
30448
59917
64738
45797
95251
26709
59642
8745
59017
86298
39150
13867
73512
31604
54074
14542
79947
26913
38187
86368
26747
1246
21384
18775
38545
71470
94286
26878
99025
8717
9779
72563
27140
48680
96462
20648
97670
6671
85836
41193
74494
71221
64499
58881
16250
29200
36112
46357
9940
81270
22507
73234
66352
73460
65199
96808
85435
81627
18862
94925
28425
69083
65088
37540
55836
8684
91988
85067
71364
29560
83909
57487
54595
14115
82220
26163
75593
2305
63725
15219
84777
80926
71379
74257
45424
6346
52024
90402
38236
75254
27487
47043
49246
60931
67956
39744
28531
74431
46401
54128
70719
49773
63274
57258
81836
88668
80511
99266
87341
93850
12902
8738
87687
37793
28869
85270
66783
72994
84625
32726
48002
74029
38799
53566
98459
76994
78254
33424
46843
46306
82666
68873
91960
54390
58753
65449
26181
86314
79193
58493
77190
35832
18189
80133
19285
53873
98975
62742
47746
12795
57044
3720
79567
31818
20693
52310
95477
93210
70346
77809
859
17058
62326
9232
69007
86631
69876
62092
78219
49695
19068
1515
36333
66950
92364
64634
13323
88929
11624
94997
25023
64788
68605
57210
64986
12403
62404
65542
24896
32610
54462
74232
8332
22698
36500
29910
84248
29676
48586
97907
77617
62671
26334
69871
75101
88962
91768
86593
63100
99135
14495
35293
71056
33884
66666
55850
46458
30738
23361
26939
17921
16888
80085
5530
77693
53985
40760
30574
51934
97606
35886
46975
34884
85249
30495
85587
15854
51348
54355
6997
39608
1095
20797
81858
12487
69997
60521
81502
42235
15346
69758
87819
27307
54651
18315
72604
72353
29512
13185
35291
25147
34191
64985
85488
11779
1953
87356
28229
8796
19160
33098
89630
54784
14449
74896
91586
99528
74624
62888
56924
92752
89466
26206
19204
8379
32631
90340
99322
68929
10497
74341
42160
12929
69432
22438
82582
73031
61883
75315
95506
22626
71039
74293
37164
56698
4374
37042
94219
19784
17333
91220
93787
12296
52093
95261
29721
33913
12646
30207
69193
69296
44319
6299
43619
79707
80307
2848
22233
4481
89697
74483
57035
33602
62877
32114
75534
32657
86312
95249
34019
88105
12991
83747
55336
57750
715
84001
87542
38317
3025
76614
90599
85266
26868
40752
56287
25550
8340
94630
12815
53301
54908
7271
4926
52371
79815
4579
82184
26781
84610
40467
26052
42146
56940
25208
63174
67868
96680
7350
9225
31974
35669
30681
31834
52800
5578
30643
32558
66277
17405
51502
38284
86556
18836
32613
63835
93194
64223
4902
27774
31297
21427
23103
47894
78219
79171
40501
95851
24917
95662
26083
87570
13496
80943
55694
7137
15507
86603
17970
5019
91475
98486
42558
56561
26133
59690
5401
62996
53508
78521
56059
53556
58790
21204
17728
26221
29240
50247
62016
32283
10358
36046
58749
66538
85532
45321
76491
70008
22935
73457
27938
71651
26581
11429
167
90368
5232
530
92726
2081
43413
61256
59089
58566
17502
94668
92248
55504
71857
63416
78248
43474
58478
39199
52644
90667
8970
42941
52278
45602
70922
37983
80808
51039
40682
76747
72183
49698
41787
74762
85613
46083
63578
42225
70579
45591
49687
7467
16540
82169
24037
39341
69933
93999
86961
44063
19587
43328
49508
66928
18782
61442
49797
96289
7239
5177
84707
6210
13806
23172
2468
98479
30869
78697
83274
39300
91018
68885
67582
15698
96695
97259
18251
57322
91844
74741
34691
5381
85774
62151
10494
70222
4357
88848
11929
599
24310
67225
98437
32631
61921
7129
48935
83263
70088
53516
60629
90937
29003
83323
93319
56450
6536
27087
57397
12566
82396
78298
54862
92906
83670
14508
66605
16553
42005
27404
94088
66427
20415
70111
46889
18045
77055
69886
78746
32990
17365
93520
44333
8932
93434
95175
52123
66998
54321
83075
66102
76548
38492
51860
72969
41695
25753
63523
93274
9721
82195
83956
42194
29988
1389
63329
69968
76188
5532
3648
13352
95979
36050
62731
24266
45475
31183
91526
76363
56140
16712
20862
51198
48293
34028
31289
88243
72114
27887
34781
79340
51054
81293
29994
65455
14293
94791
77878
87143
64763
19864
93541
74839
44893
52148
90450
84143
55469
79854
10558
19383
67998
10485
66762
99322
63214
49161
50924
90336
63335
73190
90044
7771
74266
99796
77558
54924
24496
32201
23847
92476
14783
48054
47048
89905
7051
17612
23718
50790
46693
8556
34520
38664
68265
78857
32497
29135
71981
53695
89534
78523
26562
76978
11781
14034
40142
89019
52678
66173
63588
25892
38490
95077
64162
30215
6662
72678
63097
39364
48333
44483
62736
71727
99656
23254
39670
72504
44325
40147
77742
31409
85147
35959
25956
57935
45201
11865
37364
92136
57700
77985
28496
82163
34353
42962
10851
14632
57399
51074
54209
54062
29563
6491
71893
43734
41215
90151
54201
45689
38312
18067
80031
47572
5768
52125
14474
83087
37444
79218
56146
87992
60483
97393
84876
82918
51917
65976
54454
9861
800
94538
34089
96501
20896
8685
27326
71413
41815
22063
52088
4678
96992
81860
74982
38982
23749
67171
13351
28191
98029
93305
34042
15785
42084
21935
37308
45691
88303
11396
19998
36400
43073
22296
55283
83915
83165
74081
64969
5385
80907
51674
53957
99892
95558
52003
25301
28340
72304
3786
53782
83907
75593
56739
98981
50535
34456
87327
1118
62041
37681
81142
83302
2124
48738
949
92233
35672
63450
2476
44968
48198
37774
42058
21943
36565
73418
4526
46816
7809
47707
93398
39735
9003
49246
29088
65429
46708
4098
13415
86988
46394
50136
91793
28224
23545
7170
63293
291
7830
69808
84387
73201
60845
46768
48931
71382
40395
17115
83978
63098
2116
12392
82351
98236
91652
23765
9840
84069
66912
13517
48567
76950
7800
84792
59207
96264
40452
95961
60357
93353
77747
92315
97842
89304
56573
46269
96094
45906
85970
90687
25642
19521
37319
12209
1793
48938
31489
64215
28816
72461
51023
78789
48760
18873
79952
95921
83695
63989
89380
62849
61838
37309
42271
49103
17952
74278
49239
56457
238
38863
78991
27955
21101
77754
22354
69050
67581
16307
51407
46730
14985
33641
52416
20549
89149
6084
82490
86082
20732
95136
60071
71403
32768
53560
6507
82525
28202
4205
58704
12788
67982
90965
89889
66190
82015
54231
9590
38390
69092
59132
29930
45711
83877
11285
90110
15371
7467
11550
48185
68021
30798
8396
72652
79686
29530
79757
11091
46411
29476
30438
42781
74614
73652
34168
67274
18148
55946
40230
84975
50939
54235
66361
68319
23845
3386
46202
5358
12669
72004
69664
97007
18441
43586
83905
88049
22531
37155
69156
9301
21032
75246
58680
84221
82877
82287
7984
99865
95065
70772
89492
26559
43986
55699
16050
35808
70060
69880
64702
80438
59173
52752
43604
99901
7047
49885
47175
6660
66410
25934
59401
24352
54336
24126
39841
47615
32388
84867
2833
86985
67654
88057
74759
36634
1091
56099
70755
30843
43588
87050
85150
52535
97538
75026
48104
29420
45345
89353
53392
28122
61633
10623
77804
85271
95430
4083
21270
12779
37840
96887
95811
62299
80363
81365
13171
7295
95286
1347
2891
5368
29216
15594
93521
97187
65941
94593
94149
28806
33078
96893
64877
35143
25368
48480
33607
32894
79665
85327
43654
43144
18208
2894
48455
5671
2796
35187
11534
67796
317
72271
30261
87532
70767
31553
96544
92760
81389
13786
28387
35343
68610
98475
8853
65899
13002
74184
15231
69143
56946
74715
96744
76484
57367
61825
3018
36546
99461
41299
30726
7110
93186
75023
38659
85464
6841
81652
53668
94480
13103
53866
58518
39852
68568
11906
47724
65402
54652
72185
8288
51340
69146
81145
11770
67110
16871
44169
47663
59836
18696
51467
47785
84583
27217
73277
7975
49330
72184
19565
94521
86179
81123
68825
40286
72130
73917
90846
50493
53140
69338
27440
39567
54537
9156
78875
47034
98381
49395
33403
71003
77824
44718
4704
24826
14260
930
93096
91308
43359
38350
11058
75005
21836
7542
13292
140
41229
46166
37790
47739
72756
2917
65810
74520
28450
11183
43362
2797
89965
16035
60828
4331
67501
83427
80254
55435
14583
83518
79554
6134
80472
99703
90919
98942
56461
12848
21804
77487
26883
3059
51155
90983
71638
19345
13456
75181
29299
90252
95690
69931
32864
44695
63032
59670
30350
57641
79976
33208
54211
89590
11183
564
23135
26325
65768
9414
1963
70977
69531
55641
13502
2292
61535
87207
14089
95539
50790
42536
88628
50872
74200
87282
70855
43221
70255
41208
31755
29711
47709
6240
11514
45930
20419
75517
99003
50698
7075
5826
61966
61633
49247
51859
41948
72303
73141
90134
52214
43686
73748
83538
51783
39103
30178
71350
8507
5926
47200
11229
56346
79733
80135
14833
70174
92992
5431
49623
79266
93028
33720
25369
55459
5413
60656
5241
89509
12374
60324
79307
80462
13607
70835
61219
97497
7283
6341
69262
53556
48990
12525
70894
25861
23865
9176
74930
5522
69319
84633
44314
2666
31864
72074
64764
11929
81922
20537
39555
99117
36819
37256
26799
2871
86103
81729
25796
53923
29712
24948
76115
12216
13134
20169
78577
6139
7375
34263
45215
27114
12297
32406
14679
95805
92173
63519
10420
27818
77875
43582
27999
30084
67108
88656
59658
75042
28425
2838
97194
5594
97411
10370
46747
92162
5271
95139
30537
2574
86191
28793
34589
9515
79648
7899
78162
96991
25452
38892
36704
61950
5085
21642
73398
83153
97609
52595
54611
4682
78769
91795
47354
86201
85485
67702
323
29400
43736
3679
8474
66059
37809
10270
46396
34207
85004
72242
96163
47344
47425
13499
80842
54988
25838
17606
54607
7541
75253
18486
84734
7689
48053
24262
36474
49063
92967
34253
59094
56033
37627
62376
54408
1466
72166
71960
38935
2752
94474
51197
78963
68404
1254
65703
88469
52587
12285
63125
48599
17631
64045
51416
43092
19259
41854
82376
34402
43540
27500
33404
17833
49508
38253
38178
31113
53389
82394
55158
13691
81474
60391
26014
24504
25741
24901
90248
56281
72256
16455
42176
7395
82583
9593
72729
49061
34908
84496
7351
82960
21462
33454
69637
51259
94101
48680
10876
26567
95959
54477
93636
9657
98172
71085
41721
88569
99628
71435
21726
49043
70110
24702
20415
18094
14814
928
74768
14471
56300
60503
27069
47582
85199
31469
34144
9609
86009
69676
10813
9403
24640
99154
61076
15710
89415
78320
79596
32046
46149
13755
13656
5132
78051
17150
628
91627
67091
91336
13902
81328
42249
51636
23870
79731
90738
68490
18338
20351
32895
26534
17546
80584
21353
65234
92265
63417
65597
60496
47678
22913
92110
3498
89479
33899
13719
66502
57473
25369
43946
60497
79318
63816
89094
1858
47620
42835
88980
21533
89396
34799
51506
46185
95294
74074
75585
54886
95824
80055
69150
91938
21332
84464
23347
37335
84349
20305
34834
6294
5368
93423
55618
1483
21970
14440
16503
92486
46789
90816
51634
17088
43269
47962
97320
7086
45545
37626
86899
13704
87051
36762
58714
16021
34975
57032
17220
11033
36780
3782
5219
49220
58582
91394
57865
91626
53055
51393
89653
43347
64153
45424
96205
56084
20152
2384
61161
86889
36368
28749
28367
84071
40724
72278
19472
70532
84594
61050
61720
95444
26767
55868
83423
80594
8657
14664
14858
69256
29021
35330
26106
45491
35502
57267
20650
32506
30055
12430
48442
12241
74912
50409
90894
51098
98359
3984
60173
81644
50501
55913
50868
61186
46194
1525
1327
72228
88408
18660
27053
77536
75130
2194
3821
38739
88059
14326
42871
71020
44695
37846
15700
42781
40373
29223
33716
42794
23630
28827
27119
22719
80327
13563
8447
43054
6535
60500
48620
41548
1124
65290
44649
92414
32135
52957
46526
63461
81025
52656
9569
61000
43511
46293
90982
99239
90157
42620
66437
21850
52683
77435
30221
58600
38611
51751
79567
44103
19080
38017
90110
6573
5226
20370
23824
58756
4591
58730
5891
45739
11862
8938
66139
53645
56123
10204
52959
4330
20283
21508
98968
43057
99173
17775
74036
59648
11066
21642
92632
21818
28690
35737
41694
89265
38078
58904
38327
9546
86598
90914
71985
65784
34061
65447
6686
6307
56631
95545
10421
54601
30994
35990
68854
74534
15914
78896
28186
42022
45859
74801
21148
80212
76002
80435
58053
68362
93130
24077
54819
5491
60795
94796
27225
26657
35776
97780
35972
21390
98337
26019
618
99073
40826
62808
65153
60290
83969
93363
18070
64879
25539
51230
43682
13427
47355
18353
66263
42097
58031
65245
46477
8784
1350
92969
80434
54144
7015
43067
24905
84809
31377
38140
41233
70251
38030
19529
56539
65907
51719
61302
2374
69126
67900
91607
68290
42280
28245
43020
23651
94167
16676
56531
24629
8346
49543
6304
45701
79990
76003
74660
25548
1840
21725
70226
33539
69679
3536
70891
66946
78671
49570
11601
88849
96949
61671
71496
6660
6226
37490
97110
52011
81655
20563
33130
94141
2918
58129
39967
39439
502
83482
87381
3761
94449
92534
56189
42569
6256
28146
43477
12841
53655
28174
59477
57170
58770
10576
13704
62580
48658
34275
20129
21506
51253
26959
61225
58490
16149
56870
87457
84642
70822
40656
43801
1625
11823
60593
59021
81451
95099
75271
46530
22257
65403
46877
8368
7947
57283
91923
86717
21263
94713
34890
91873
8732
40041
2413
7883
42647
1647
46499
79621
71810
94518
17102
79944
94041
3172
42214
1044
38360
26061
46942
86342
73869
77492
33980
41809
88439
83806
30071
67022
8510
27793
12875
12754
64507
54348
78089
56094
75023
71849
75310
27837
93183
41233
30755
20301
59821
38923
6172
75322
1485
67035
60651
43527
26305
15784
66125
65116
83103
31798
62914
36118
15866
73238
87471
64100
62550
50162
36333
35868
44008
25354
66544
92123
56361
9904
98557
51999
87077
99355
93336
58206
57076
13708
38501
4012
91558
87352
33427
25640
14739
27351
59903
32728
93905
9216
44584
60311
84238
89544
15381
57843
7226
26666
54995
66387
29594
45664
66962
10815
80017
70381
28197
55011
5618
99665
97600
83325
39019
63708
28530
6885
53967
96759
94210
78651
40305
90845
89529
48843
8207
53283
98608
51786
63266
42471
86695
69264
1234
24103
17181
8025
71983
29485
89530
21308
95998
16892
33857
38482
3048
85984
26207
7842
77841
82135
20979
34482
16015
62185
52783
90516
65767
11736
91161
29296
46702
47783
26168
8670
15322
90308
57978
77604
58390
11874
85233
56728
91528
72537
17599
23740
49298
5135
53460
73263
1495
29138
79909
85975
74343
84454
14847
34132
88686
97211
39345
59682
9456
15784
36431
240
93947
97861
74605
97237
65000
3338
61479
56574
3914
95316
90934
52738
15206
70648
26256
47002
77656
28763
95718
45249
97395
63041
39416
67713
5667
18350
44126
2209
93162
13839
84659
72260
75482
84424
91713
97446
55026
6096
85117
86393
60004
90448
75939
27338
13342
48146
87175
77270
67575
79269
83116
18457
81110
48901
71891
70157
39466
60962
18941
38342
72961
17527
65760
43344
5981
29674
12208
16463
66783
25171
55889
76921
98820
66961
73985
11598
4165
87289
88321
33356
21098
74817
9179
61584
74775
69171
53561
98262
54982
77617
52111
58848
32819
28410
89292
79260
46258
86682
66936
16512
98063
87414
32146
34508
54666
81542
85541
98534
18392
46856
95124
88604
99657
6142
95001
60995
11430
23827
30544
91717
73402
43296
7716
16095
70290
99830
32979
93434
82644
52566
53446
29611
28500
87329
43841
56986
45148
48101
76649
79459
7185
80347
51944
86158
71369
73774
71087
15651
30166
94705
49052
32915
12239
72173
37359
47337
84211
36116
61947
83186
29265
59447
70501
42716
82931
49492
67179
18015
89412
69600
4635
23477
52369
44076
29700
68144
42758
50524
1144
30908
30254
16172
49025
63003
15946
29318
77719
15408
83250
20082
51331
1561
97552
73391
95640
86475
60187
16057
71844
3422
9629
96220
23978
4268
1506
20300
53613
89507
52998
37187
53971
25959
17144
94087
96906
81282
67256
40266
87959
68619
44690
36331
41864
83249
33926
83822
31075
17756
31044
4546
96208
50332
89995
75102
27958
36344
90094
80288
76069
4364
89303
68475
87047
19751
14016
18713
81926
4443
78881
61012
16397
14389
50059
35031
27554
55667
4641
14601
67933
73906
88611
3761
42747
21649
76519
80725
75039
74738
85344
36548
38913
57766
12130
48879
95975
16873
86181
52712
49949
29652
14336
21701
41136
355
79999
81082
4463
48962
39410
37426
97083
31564
13355
8603
947
30996
90218
4929
20681
34335
61996
1062
88439
36676
25900
46974
97754
65124
82569
20405
20845
80895
85424
45964
98208
5730
30065
57432
48526
38328
55709
90587
37894
36330
95080
85662
24009
10775
49845
8683
39580
81986
82153
36826
77703
35286
25784
80856
61206
5472
37977
155
14825
3171
23179
48579
2858
46366
80404
57595
8750
47644
68322
30811
12941
6197
92678
55679
2630
86380
8997
81923
82081
58960
61884
10564
7513
49052
18442
2175
58662
93940
29918
5825
54466
36382
64579
79493
87
7105
63455
73586
37387
66851
25917
4797
68939
28083
19377
77245
4283
58688
88611
89526
56030
78944
22467
14009
54962
57772
82382
15628
25090
46756
84605
8479
70560
8115
32679
62840
61491
85694
10746
19814
12499
59914
20514
4891
89378
30176
7364
94688
59462
83627
34351
14798
90932
35023
75979
69222
71766
71917
41672
23936
14543
72681
48453
23608
3881
27415
10598
2271
30595
90376
93852
64076
50733
22451
44456
73143
92362
23598
44794
48780
59145
2949
11471
46372
97954
36413
52913
51176
47670
40209
94242
37592
69313
84905
71745
52514
47695
93615
172
87967
36123
53035
43622
34180
12305
39292
24345
54247
7696
14918
4029
88247
28391
1360
77636
79729
59103
97234
12103
94586
60593
84774
92270
9872
49761
71333
64370
173
30953
29076
1704
59047
8959
76192
67294
46296
97671
67764
76589
41738
5218
17667
72734
47854
13386
93832
55810
16069
95175
89529
28739
12836
52406
66315
54887
2131
67196
11767
24455
8793
72038
77366
61390
55470
28439
88119
69428
61208
87629
84081
91634
68732
19752
86511
91093
73068
6426
30062
75841
145
20227
29167
24030
29723
5712
80955
90606
59691
47921
85085
6914
29141
52580
33933
56371
65536
76075
56662
51399
44301
50531
63445
20917
73882
87623
79980
78262
24933
41525
4223
87959
79108
10605
16346
11694
90574
2783
98746
74079
55965
63423
44998
71242
92947
8836
16918
29785
29654
79990
97165
31076
23085
50877
56483
9300
21617
86954
75670
35596
90454
29845
8435
11359
66048
17059
67248
68227
50133
61578
85189
74241
58736
27838
57058
5711
91438
40310
90047
72557
85392
27237
11203
6112
15684
90512
16461
39747
69846
62989
63509
48405
23150
85769
38440
87706
88821
37718
89556
34065
29021
28851
83547
83756
33183
5895
34439
82025
89155
45273
32872
41520
43043
5923
31375
44186
20120
44896
19932
89202
85335
93392
96787
59008
85477
28319
58486
74217
60755
82772
49390
2266
51025
38493
39386
95312
24029
81774
29557
82954
53390
34379
99946
81195
38201
35914
76921
73498
23556
10528
64686
63082
30644
44068
36987
1317
92490
16426
87512
64347
73868
10323
19669
9792
34964
86446
74847
18277
16002
45318
65629
15120
48950
30622
12073
90223
3519
4201
20413
60883
55291
56287
2439
62417
78080
67764
78350
70103
20576
89940
24774
51713
29184
29672
90531
23848
94797
61785
16538
13163
40801
40056
94269
98264
80371
58315
18866
80335
55664
35372
36930
66031
64316
15313
17983
57766
26920
94037
30225
75381
28218
12118
43073
78720
56589
78687
5271
81875
26382
14721
59049
99630
88558
68687
95173
97204
8594
35566
35410
8540
97655
34749
39201
85017
3608
84523
46137
16085
89005
85535
86974
95019
54305
28759
80547
21187
8199
54723
20908
71825
61284
38745
32310
27392
21776
94664
18762
81229
38112
37464
13950
88735
4384
86005
35268
79253
23638
42158
3946
44712
55000
37000
28225
19092
82512
23008
36690
38536
48503
39467
51776
32712
20814
11990
30214
23211
60908
46556
29721
644
47506
64885
60835
75510
41606
73600
46657
47399
94127
31814
70712
39731
72829
23163
37878
95276
47798
46961
98293
6180
98014
3047
24671
78615
51941
86386
61783
5364
26179
32745
8929
39482
90088
16220
96162
4680
21691
28580
71940
25035
40418
92407
11035
93821
68007
91628
99682
28054
99978
41734
10708
9918
43239
20680
40073
19488
73645
68284
50293
84359
32002
31451
28070
83062
71983
25905
33996
63316
23798
4005
88057
5217
79289
39875
92347
40006
27386
652
73565
60992
19843
26364
60906
43594
71908
8402
77766
82600
26702
17007
67146
9386
27213
6223
13364
98523
1864
28671
57196
6892
23884
13412
12786
16358
27822
65196
34403
60389
65605
74664
93505
51538
55672
90479
26901
24738
98158
63599
50861
45837
33338
19020
33894
2847
20312
97644
98847
88477
62564
16471
85066
33324
82076
6285
55349
18826
8088
2736
25130
28622
25769
12405
4495
48237
20589
52374
34857
79499
3629
73644
62589
94711
60540
64366
37873
36110
79084
54832
12869
35748
83380
22341
39041
67249
54518
28237
12770
36923
54503
42225
87920
63416
42726
93087
97929
51695
68822
6398
97070
92845
42405
56778
10373
70853
13057
81411
77339
21309
11513
57672
72497
95084
59503
28683
87522
61788
68674
70192
20901
7422
23001
15497
41729
96097
2951
42578
4198
74345
16950
90794
13330
46925
5029
49022
62947
5192
7592
85371
43159
68884
32637
39208
3075
93154
52272
70677
78115
99257
14139
17418
60015
42491
57673
63565
13862
74092
12085
4062
12552
99612
62071
72395
42343
92765
71354
19326
82584
92109
10502
31310
94063
15782
77806
83899
56098
82735
86245
68668
87769
80951
21623
60485
15458
7171
46279
11142
74439
13878
69816
19328
36532
96725
11716
87270
73504
9309
54080
14143
51080
93494
32029
3148
4941
45088
8062
2041
50073
99090
76005
81176
34796
53079
53761
6423
35419
48163
58717
25490
1107
44073
34047
3321
89868
47686
27333
58878
1833
51087
7127
75699
24103
63279
3755
57504
64396
30510
55735
16181
12395
87143
51354
41079
91924
15775
923
57329
41711
50131
9549
64793
32426
79291
1147
30096
66310
21442
29931
77986
52532
65993
92634
98148
74491
51117
90617
35379
86511
71855
46850
28897
77949
44608
60523
40796
93652
63075
70304
36502
66649
82539
49992
90103
13454
8916
67586
43165
74655
50146
9119
4796
46275
76291
36352
8011
63596
86982
36766
73844
92454
65764
10918
2197
99067
75954
8016
21356
33414
27877
64668
50348
67295
94663
46667
96680
93566
2083
22991
88722
42812
2680
8193
49864
93967
73308
40677
54964
28639
841
21610
9025
83193
18022
6120
96840
53840
3060
76620
28730
33253
3498
27799
37170
25506
37721
62861
68055
66352
4324
31133
53074
37181
48800
66491
55541
52303
78690
20942
31821
30020
47189
19372
91905
46819
33420
8935
43130
89834
20929
26405
53309
44077
63618
14090
57854
94466
25342
53867
66144
57744
85557
44498
60553
6440
58574
46589
51613
16415
51001
18791
15807
45523
28324
88427
23946
16536
99499
46663
74413
793
94917
59450
41389
27656
25620
91762
54612
75446
3555
99988
54395
35241
71152
40288
1029
99382
94272
15179
61014
70215
75363
48484
78835
77282
66810
78941
41982
13688
32921
53106
34602
8502
12582
94038
592
66612
48612
2204
96873
88402
62070
27481
24730
86098
59376
35680
98085
18142
84750
54992
61690
36062
20466
58368
52624
76429
63766
32596
7800
22723
47239
90720
58816
13918
59857
18184
48551
71759
27959
1767
99895
28497
71328
8603
74705
89982
96689
84742
20401
36256
7409
53539
86825
31956
70290
20208
43499
83109
2630
96212
64143
87593
48750
74717
79837
75792
91489
24671
13942
18649
85242
76381
23626
66077
45410
30385
18132
62753
87088
41836
95003
47893
94849
27438
14941
19747
92909
86870
33948
24939
85806
45602
25967
47419
57459
17977
14621
961
68136
55639
23108
39788
12639
47937
79232
96319
65693
57173
6430
73290
95890
61552
62069
59968
55283
74
9093
42838
9769
26477
36799
82684
33615
72839
49901
20567
72468
91696
53783
43940
25148
16760
75448
25004
19809
63220
25936
50696
77517
32289
62170
3357
95326
29702
64048
53197
84624
92779
74057
10105
74902
19715
72638
41136
71054
575
40417
16775
12459
43176
47823
61610
63969
21604
95514
82498
45373
27530
95673
2180
9805
83456
18935
11248
47276
64642
86226
24248
42936
71085
38580
67461
12813
36305
12471
20094
12406
66655
52737
96813
4374
12727
59968
21163
71030
49640
41559
22028
33432
33950
72400
34836
61901
32728
80025
10009
8486
41868
24066
12966
17459
89524
39058
8540
78219
44571
87836
89994
73933
24967
87036
26768
71131
60431
84016
94558
9454
5681
95104
46893
84970
57870
14010
52576
25417
2481
54690
20838
19095
88356
51193
10168
68734
17731
70690
97549
3580
35675
40160
17154
34161
19401
13670
51415
11405
79846
46317
27600
55968
31157
94580
18824
44466
94290
12726
74588
8880
46511
4166
27488
88755
47079
34510
43852
17978
38644
54504
28821
38460
5150
35912
62969
79773
71937
32677
18204
59721
98100
55096
89489
73402
71014
45596
29739
15335
53083
66476
14273
47885
93045
50854
49917
76885
27598
69053
43783
34045
74226
21941
36569
43254
690
54744
63058
1961
39119
48542
10158
72174
28335
14426
99035
41164
38026
38060
5646
65502
14679
33697
90122
82476
44234
86216
41820
79025
3842
23824
45900
58012
59918
89389
98443
72422
28407
83864
18478
54325
29174
94985
24639
12788
7970
7751
9261
5644
45578
99371
86808
86710
74314
69350
5843
35796
5388
19869
77953
88719
78927
33342
49122
3593
76873
58271
38000
72723
88437
75812
92488
14694
37510
40283
50856
59155
69765
65918
51838
22709
70898
60775
27091
38032
87222
99305
65436
78326
75948
82013
10923
93564
63013
67049
38335
63898
12348
22271
93884
28593
76817
28540
79067
13534
34801
7082
74081
34447
445
21599
16902
50121
79931
2707
63998
72454
14141
18773
69299
77387
67510
29958
72406
58011
21455
975
78677
58283
57150
4579
62956
86631
86200
86752
5916
57380
38450
67826
92853
35470
90553
30921
27396
86319
33565
71201
33203
93870
91982
88816
5306
10473
92366
31332
61289
73757
9234
70698
13925
16540
14772
40711
78760
71586
10953
94552
42528
48253
79207
22386
29523
74267
97664
35529
38199
76503
52361
48244
87481
5960
76394
49740
82979
32595
68782
38159
14644
70663
82443
41023
82011
14995
585
47601
69231
45571
68269
23657
26803
78192
36464
10092
12304
88580
61228
19090
34317
69046
24313
34994
69281
63668
60290
97215
28696
51919
55736
5297
95888
93830
36170
15431
2513
13114
48987
35264
28831
1525
43419
3971
42344
30763
55310
98764
42884
87861
18637
57793
34557
20562
50126
77067
19060
8990
37728
84057
63776
69698
37952
49310
50211
53823
57830
70849
9723
86917
52352
96198
95921
59771
92568
9387
23245
75
60378
7618
2576
62001
62901
67529
56232
42870
94769
78976
49923
18019
78192
99614
47828
98486
6059
64459
13718
54801
74100
97123
99046
78256
31530
23598
60769
20651
71113
80589
27973
56958
1451
22372
73330
54604
16199
44363
87438
74331
27061
62754
20541
69183
21229
72247
88823
6038
44188
28788
43722
66030
32696
77918
55624
67040
73079
35665
41133
32235
50828
1633
6945
21967
62841
716
11878
83700
14373
82876
76151
67269
92375
2841
32742
13946
80356
17430
91472
26977
52317
85375
54131
51688
51655
11413
10006
5399
97171
56061
61389
36758
27049
19107
47460
29860
66130
2036
74949
86746
6288
24120
1736
83105
74690
71379
21984
92309
19531
40144
27924
17209
27996
46490
36279
97860
10522
65577
72903
39482
1999
20150
62579
38478
16784
45987
98313
3089
96966
19283
94229
15223
90301
96138
94618
78817
58556
11293
36396
49088
88592
32259
50201
77394
92202
41936
24253
28821
6405
92766
18718
82543
37974
88201
14668
23802
55216
34526
89339
96482
90621
10680
57461
74699
15681
57236
1125
90523
46205
46124
28660
5738
19877
37440
97713
25825
97741
47040
11287
59408
87532
99773
5330
68088
66388
89140
70243
23027
82619
19067
17345
97229
43238
57236
41483
12770
59347
60803
27921
74791
39846
34163
15541
58756
30954
10955
69504
57848
64278
16039
33223
2567
31032
23288
83464
35076
99531
28054
38697
27926
80480
94763
97995
82683
4347
19850
88787
9378
35454
60865
70567
9990
69598
58700
1012
38708
87555
37289
30223
13580
6534
40691
7432
44748
21576
24436
82199
69471
40721
69448
14798
96032
54206
97596
7491
48999
80627
14001
90445
33544
52316
85094
44304
42537
17545
66254
27690
77527
53995
57774
38165
20590
7008
82748
84005
56209
49379
93941
60982
82151
47345
48290
15164
67714
62092
47544
83651
16698
17551
37609
99628
52609
63689
77340
72676
52620
20692
57561
546
47250
56117
68464
39362
13348
83192
59251
72619
28395
12248
43862
79649
76377
31706
76038
78598
10837
75160
2154
77345
84675
72908
38956
14153
5591
24071
75737
92414
75982
19816
30546
36341
97908
21337
90354
34597
68036
58820
88665
87266
28269
72827
52172
18138
40031
94050
30143
45202
48547
7822
29068
5202
34054
26612
43090
21484
13150
74521
52074
9175
39095
55735
20027
60678
60311
14938
45457
87365
17216
14383
5841
62874
21773
25544
17017
89572
4323
71343
58865
74245
1709
6649
13138
89745
97731
88644
89203
55095
12029
50138
77498
37501
50953
92603
20258
29120
62706
95974
83673
18864
66518
17281
98121
89509
45672
31391
62411
78138
27893
92038
36158
63015
15825
2896
98728
61881
28812
73921
9732
2431
46168
87531
48097
32770
24715
92606
31183
34887
6118
56868
10927
28846
64512
71578
91657
71155
87939
23134
23732
56366
46456
83387
65630
58752
74353
79118
21204
92025
14566
72545
39606
71588
48215
37779
32631
39853
42174
11834
35233
49845
42509
81191
62452
75974
23602
52040
13820
26503
73584
57008
47527
5081
11712
33787
64048
24162
45111
64120
87208
90887
98839
98790
37421
7292
44308
92887
19536
8386
50558
42688
72505
63440
62785
26554
86880
61904
63415
75877
82902
33669
70228
95389
55826
45987
95562
11816
24315
67870
28365
77558
93957
49418
79551
30484
57107
22891
25508
32236
10748
19579
58700
86521
70016
96184
90090
57202
8162
93707
42587
97260
39056
8531
91228
27344
793
7972
17891
57805
95360
75438
26427
51559
91289
72238
93403
71837
52378
69706
55020
35852
28883
88214
7916
76283
86561
38043
60148
92712
2595
92252
63449
20609
72219
37408
63468
20609
94811
6134
82789
95802
48328
71598
98912
73110
58831
83205
66173
14044
21985
52896
61017
61449
71496
36764
59022
44610
44867
80953
29902
90884
88542
41113
80648
67514
75820
50559
88471
73620
8282
83616
80804
36811
65269
95977
7444
45780
92141
98329
32748
83193
90170
60348
41299
71394
88194
74188
70659
56554
5344
12186
81859
9540
30637
79878
30559
89419
52463
55619
17376
57070
63524
49958
82696
58749
54763
30546
8548
54580
79265
85411
42378
94839
61970
10959
89732
42991
82785
66637
52197
10530
66477
98065
4849
94267
84094
55964
89643
2151
59426
87183
95109
62178
81545
76116
13406
84117
90775
52482
841
31512
93484
14038
70810
78998
93473
854
12529
29003
89481
47944
91671
57364
44680
85124
41760
55966
49004
99316
39871
48834
13661
99601
78860
2862
26323
23145
38567
51830
4690
87031
27869
92869
44604
41200
35287
83197
69946
85830
99840
62833
73361
3551
93311
69410
15028
51382
28232
8567
27554
92728
66466
76008
45949
63988
25625
53279
96670
29649
27324
63295
29721
68589
36504
34760
13583
27717
13257
90749
60070
59166
22690
80937
17253
23566
97723
48854
76441
25010
78164
86018
59940
16616
97829
56718
42220
66142
51713
55189
96085
81480
56976
86762
23204
75256
72980
57823
7286
68659
20320
30525
30891
93218
3182
18493
91199
54704
78215
26810
7300
66020
53739
57466
80476
11352
51194
43865
86361
48070
35433
24113
91320
11279
53340
88192
6131
75320
77252
64627
8092
69805
16154
16385
94399
80323
64004
40222
70217
70153
71614
83288
81074
32142
68307
73497
53010
33542
93950
75015
98045
47276
33790
55536
46534
69297
2047
96627
84947
11298
98550
3343
19613
35933
28754
52180
12343
80490
26608
92344
4709
89939
74888
15636
89721
76744
43176
51374
25828
49530
19886
3239
79214
21497
12878
5432
13737
50611
97709
6725
33343
58719
