9961
2941
5018
8234
2479
9854
2771
1586
5218
8858
8243
4194
4459
5312
8216
7385
3641
7244
3194
4382
8027
3617
7664
6555
8501
1073
5293
2804
3141
6208
7356
5463
7398
9464
610
6071
8734
4905
6177
2787
7147
1436
4479
1630
8487
7564
3961
2585
1326
9242
4639
462
8811
8180
4167
3513
1877
2763
9383
9109
4970
97
1838
4403
2231
2250
2836
351
3340
5836
7271
8792
7902
4748
1045
7452
6649
2519
9192
6028
8618
9563
2030
8432
9666
3158
7696
6808
1169
8140
9833
169
8773
4649
7136
8465
2980
1516
4424
4998
5274
4607
6483
92
3227
4021
9472
2659
5133
2493
2648
6455
7263
5592
691
1397
8646
6384
6972
2351
866
6888
922
4007
75
5162
5070
7660
1049
972
8674
8298
6620
4422
6334
9128
3671
1448
1253
7266
8906
3137
9070
1234
9617
1688
4124
101
5203
9298
1394
2422
857
7213
691
4285
8756
4073
3524
4984
9646
1003
4536
7720
2068
6884
4942
155
1865
8929
9854
9564
2546
8535
730
3427
6138
275
8735
8265
7618
6188
5590
2254
7969
947
589
8719
5961
5462
9877
4816
8241
9868
7035
2850
9024
8789
6726
7815
8237
6208
1713
3965
8170
9500
5212
9842
4678
6314
3377
7073
5314
9275
6118
988
6629
8851
9566
9419
618
9263
8032
5823
3796
188
5831
6319
1565
8962
6057
3866
1945
2213
5647
9008
4922
2595
1512
2835
9006
2939
5470
3267
5170
5718
8444
707
282
2824
11
440
771
3483
5256
9000
4459
7187
1403
5148
5351
2886
6943
1565
6063
2551
3162
7346
6505
8412
6011
7193
8636
4591
6490
6669
9418
2887
5753
4710
6402
1240
3554
3935
6629
3764
836
80
657
4581
9435
6190
6842
7113
1860
2268
8035
3406
5771
8799
7721
8102
6786
9908
6663
8048
5163
2238
8148
4492
9918
7258
7815
5201
6989
936
3409
4340
4047
20
5209
8282
502
7824
6568
4605
9504
8061
7073
8448
1291
8009
9696
4945
2208
4054
4265
7426
6149
1554
3513
6179
4385
5495
6970
798
2454
7825
5796
2602
7370
9195
6783
5699
7644
9255
4471
7329
136
9487
9266
2559
4283
154
4156
3060
106
4184
8837
2782
4153
8900
9756
3211
1920
6775
9047
1041
936
3193
8569
1708
2545
5977
218
9752
7684
1358
4280
7981
8414
1135
9339
8021
5793
5400
5942
8042
8031
9063
5500
8144
1590
1309
9220
5706
9001
3112
6393
8085
4803
7709
9900
2436
5042
8356
9494
2375
8709
3696
7378
6394
9395
7345
8445
9552
6795
773
3286
498
7697
6800
5795
9111
6492
6852
5980
8370
2323
3499
9907
3451
8356
1334
7859
1268
9034
3406
8879
1126
5220
8821
5774
8599
7076
2035
9988
1673
8423
4834
4076
8544
1075
9924
1327
9165
1456
959
1702
5717
1070
9464
9925
2958
201
8546
9209
3527
586
239
2607
9518
6182
1486
7914
2764
5606
9330
3404
9860
6764
1503
635
7532
8970
2362
5709
4396
9977
7572
1359
1381
3687
3584
6464
3656
9442
878
9583
6986
3847
9135
2503
2836
960
1081
4245
7608
1006
5808
4393
5517
8651
4245
5164
7549
1451
5800
6972
9174
9591
6093
8518
913
5143
8065
4044
3479
2213
1663
1431
8005
5741
5440
3981
7951
7816
2620
1431
5454
8103
444
3980
4878
6054
8997
9416
2979
7951
6167
6964
3667
9248
4253
4024
2525
6246
4567
6720
4687
4726
8152
2255
4278
5842
7405
8594
6871
2723
2644
8003
5216
9899
7398
1308
9219
9636
948
2946
3649
5379
2920
9529
4364
4963
7347
2855
8811
4415
1439
4661
1569
2500
9337
1992
2256
9100
2720
6758
2960
551
7644
6570
5469
4117
9541
9754
9677
7860
5075
1100
6447
2139
7242
8125
6138
4747
2713
3578
8003
9641
5763
1803
4730
8501
5312
6406
7252
9393
5192
8815
1923
7699
2518
6031
5163
1437
7006
4011
2925
6208
3174
2307
5888
7087
3180
6256
9814
1898
7706
51
1435
3047
7139
2758
7225
3114
6852
5194
7080
6007
7968
2682
1481
129
821
6331
9169
1798
4961
1049
2502
7333
6684
5650
9058
2446
4330
3291
5567
7793
7916
6726
9708
1335
1009
9425
9002
1675
3862
1116
9853
7340
1594
9780
6453
9681
5782
285
2955
9619
2160
8350
9169
9825
643
4591
8152
6835
9593
2128
2180
6500
976
3460
3204
2664
6061
6057
3633
8196
2895
3521
2894
459
9269
7555
1384
6377
7261
1269
2859
9788
4364
872
9644
7951
9815
7028
1032
419
226
9081
8442
8408
3961
586
5885
809
589
2392
2166
7737
7485
7729
6834
4720
1341
1609
1082
3263
3914
3296
5718
7750
2087
7435
2966
1676
6655
9015
1198
5955
167
3568
6587
3591
3691
1211
1492
1216
6720
8657
416
9511
8411
4632
8336
9454
1046
3508
8274
2323
8024
1370
1734
9325
8241
1877
4060
3344
4832
2910
3892
8812
2987
2373
756
5425
3600
1115
6505
6760
2950
8668
250
3578
2402
2966
1009
1022
3745
3360
1325
6793
6187
5743
5225
1494
6247
9331
8771
6179
7747
1074
4143
8276
4624
3710
6174
6316
5610
6770
3736
3676
9093
9202
5199
5634
4827
5445
4124
4066
9432
1568
9495
3108
1123
2664
1570
6115
9367
1961
3390
5790
8338
9177
5774
8395
5935
9235
6229
8376
1587
8111
536
5770
9573
6116
8228
8269
5772
8529
8518
2198
6554
3852
9579
3924
4185
119
4663
8076
1281
7849
2657
6816
7661
7758
8387
8538
2395
9280
963
4134
5569
4504
3746
2367
2812
2254
9326
504
2712
7660
7574
6972
6349
4836
499
2597
6736
3314
1816
1962
1395
365
1882
571
3246
101
1725
5250
315
8995
2478
4534
7555
2805
2638
445
9680
6251
2826
376
3890
6552
9868
4523
7343
9133
5451
9799
646
6675
2776
7408
837
8924
8261
5797
5080
407
4494
9045
7766
782
8412
1942
3896
1920
920
4313
3216
5509
3456
7747
5848
6408
2540
4
5252
3502
656
3541
1659
3677
7696
1018
3087
